443 444 444 444 445 445 445 445 446 446 446 447 447 447 447 448 448 448 448 448 448 448 448 448 448 448 449 449 449 449 449 449 449 449 450 450 450 450 451 451 452 453 454
425 426 426 426 427 427 427 427 428 428 428 428 429 429 429 429 429 429 429 430 430 430 430 430 430 430 430 430 430 430 431 431 431 431 431 431 431 431 431 431 431 432 432 432 432 432 432 432 433 433 433 433 434 436 436 437 437 437 437 437
412 413 413 414 414 414 414 415 415 415 415 416 416 416 416 417 417 417 417 418 418 418 418 418 419 419 419 419 419 419 420 420 420 420 420 420 420 421 421 421 421 421 422 422 422 422 422 423 423 423 424 424 425 425 426 426 426 426
396 397 397 397 398 398 398 399 399 399 400 400 400 401 401 401 401 402 402 402 402 402 403 403 403 403 403 403 403 403 403 404 404 404 404 404 405 405 405 406 406 407 408 409
373 374 376 377 377 377 377 377 377 377 377 377 378 378 378 378 378 378 378 378 378 378 379 379 379 379 379 379 380 380 380 380 381 381 381 381 382 382 382 382 383 383 383 383 384 384 384 384 384 384
356 357 357 357 358 358 358 358 359 359 359 359 359 360 360 360 360 360 360 360 360 361 361 361 361 361
348 348 349 349 350 350 350 350 351 351 351 351 351 352 352 352 352 352 353 353 353 353 353 353 353 353 353 354 354 354 354 354 354 354 355 355 355 355 355 356 356 356 357 357 358 358
332 332 333 333 333 333 334 334 334 334 334 335 335 335 335 335 336 336 336 336 336 336 336 336 337 337 337
308 308 308 308 309 309 309 309 309 310 310 311 313 313 314 314 314 314 315 315
289 290 290 290 291 291 291 291 292 292 292 292 292 293 293 293 293 293 293 293 293 293 293 293 294 294 294 294 294 294 294 294 294 294 295 295 295 295 295 295 295 295 296 296 296 296 296 297 297 297 297 298 298 298 299
270 271 271 271 271 272 272 272 272 273 273 274 275 276 276 276 277 277 277 277 277 277 277 277 277 277 277 277 278 278 278 278 278 278 278 278 278 278 279 279 279 279 279 280 280 280 281 282 283
245 246 246 247 247 247 248 248 249 251 251 251 251 252 252 252 252 252 252 252 252 252 252 252 253 253 253 253 253 253 253 253 254 254 254 254 254 254 254 255 255 255 255 255 256 256 257 257 258 258 258 258
244 245 245 245 246 246 246 246 247 247 247 247 247 248 248 248 248 248 248 248 249 249 249 249 249 249 250 250 250 250 251 251 251
217 218 219 222 223 223 223 224 224 224 224 224 225 225 225 225 226 226 226 226 227 227 228 228 228 229 229 229 230 230 230 230 231 231 231 231 231
202 203 203 204 205 206 206 206 207 207 207 207 207 207 207 207 207 207 208 208 208 208 208 208 208 208 209 209 209 209 210 210 211 212 213
195 195 196 196 196 196 197 197 197 197 197 198 198 198 198 198 199 199 199 199 199 199 199 200 200 200 200 200 200 201 201 201 201 201 202 202 203 203 203 204 204 204 205 205 205 205 206 206 206 206 206
171 171 171 171 171 172 172 173 173 174 174 174 175 175 175 175 176 176 176 176 176 176 176 177 177 177 177 178 178 179
147 148 148 148 149 149 149 150 150 150 151 151 151 151 152 152 152 152 152 152 153 153 153 153 153 153 153 153 154 154 154 154 154 154 154 154 154 154 154 154 154 154 155 155 155 155 155 155 155 155 155 156 156 156 156 156 156 157 157 157 157 157 157 158 158 158 158 158 158 159 159 159 159 160 160
145 146 146 146 146 146 147 147
126 127 127 128 129 130 130 130 131 131 131 131 131 131 131 131 131 131 132 132 132 132 132 132 132 132 132 132 132 133 133 133 133 133 133 133 133 133 134 134 134 134 134 134 134 134 135 135 135 135 135 136 136
439 439 439 439 439 439 440 440 440 440 440 441 441 441 441 441 442 442 442 442 443 443 443 444 444 445 449 450 450 450 450 451 451
433 433 434 435 435 436 436 436 436 436 436 436 436 436 436 436 436 437 437 437 437 437 437 437 437 437 437 437 437 437 438 438 438 438 438 438 438 438 438 438 439 439 439 439 439 439 439 439 440 440 440 440 440 440 441 441 441 442 442 442 443 443 443 443 443
406 407 408 411 412 412 412 413 413 413 413 413 414 414 414 414 415 415 415 416 416 416 417 417 417 417 418 418 418 418 419 419 419 419 419 420 420 420 420 420 420
387 387 387 387 387 388 388 388 389 389 389 389 390 390 390 390 390 390 391 391 391 391 391 391 391 391 392 392 392 392 392 392 392 392 392 392 392 392 392 392 393 393 393 393 393 393 393 393 393 393 393 393 393 394 394 394 394 394 394 394 394 394 394 395 395 395 395 395 395 395 395 396 396 396 396 396 396 397 397 397 398 398 398 399 399 399 399 399
366 367 368 368 369 369 369 369 369 370 370 370 370 370 370 371 371 371 371 371 371 371 371 371 372 372 372 372 372 372 372 372 372 373 373 373 373 373 373 373 374 374 374 374 374 375 375 375 375 376 377 378 378 378 378
368 369 370 371 371 371 372 372 372 372 372 372 373 373 373 373 373 374 374 374 374 374 375 375 375 375 376 376 376
336 337 337 337 337 337 338 338 338 338 338
321 322 322 322 322 322 322 322 323 323 323 323 323 323 323 323 324 324 324 324 324 324 325 325 325 325 326
316 317 317 317 317 318 318 318 318 318 318 318 318 319 319 319 319 319 319 320 320 320 320 320 320 321 321 321 321 321 321 322 322 322 322 322 322 322 323 323 323 323 323 324
301 302 302 303 303 303 303 303 304 304 304 304 305 305 307
272 273 273 273 274 274 274 274 275 275 276 276 277 277 277 277 277 278 278 278 278 279 279 279 280 280 280 281 281 281 281 282 282 282 282 283 283 283 283 283 283 284 284 284 284 284 284
256 256 256 256 256 257 257 257 258 258 258 258 259 259 259 259 259 259 260 260 260 260 260 260 260 261 261 261 261 261 261 261 261 261 261 261 261 262 262 262 262 262 262 262 262 262 262 262 263 263 263 263 263 263 263 263 264 264 264 264 264 264 264 265 265 265 265 265 266 266 267 267 268 268 268 268 268
237 238 238 238 239 239 239
209 210 210 210 210 211 211 211 211 211 212 212 212 213 213 214 216 216 217 217 217 217 217 217 217 218 218 218 218 218 219 219 219 219 220 222 222 223 223 223 223 223
214 215 216 219 219 219 219 219 220 220 220 220 220 220 221 221 221 221 222 222 222 222 223 223 223 223 224 224 224 224 224
193 194 194 195 195 195 196 196 197 198 199 199 199 199 199 199 199 199 199 199 200 200 200 200 200 200 200 200 200 200 201 201 201 201 201 201 202 202 202 203 203 203 204 204 204 205
168 168 169 169 170 172 172 173 173 173 173 173 174 174 174 174 174 175 175 175 175 176 176 176 177 178 179
147 148 148 148 148 149 149 149 149 150 150 150 151 151 151 151 152 152 152 152 152 152 152 153 153 153 153 153 153 154 154 154 154 155 155 155 155 156 156 156 156 157 157 157 157 158 158 158 158 159 159
127 128 128 128 129 129 129 130 130 131 131 131 132 132 132 132 132 133 133 133 133 133 133 133 134 134 134 134 134 134 134 134 134 134 135 135 135 135 135 136 136 137 137 138 139 140
131 132 133 133 133 133 133 133 134 134 134 134 134 134 134 135 135 135 135 136 136 137 137 138 138
449 449 449 449 449 449 450 450 450 450 450 450 451 451 451 451 451 452 452 452 452 453 453 453 453 454 454 454 454 454 454 454 454 454 454 454 455 455 455 455 455 455 455 455 456 456 456 456 456 456 457 457 457 457 457 457 458 458 458 458 458 458 459 459 459 459 459 459 460 460 460 460 460 460 460 461 461 461 461 461 461 461
426 426 427 427 427 427 427 428 428 428 429 429 430 431 431 432 432
399 400 400 401 401 401 401 402 402 402 402 403 403 403 403 404 404 404 404 404 405 405 405 405 405 406 406 406 406 406 406 406 406 406 406 407 407 407 407 407 407 407 407 407 407 407 408 408 408 408 408 408 408 408 409 409 409 409 409 409 409 410 410 410 410 410 411 411 412 412 413 413 413 413 413
392 393 393 393 394 394 394 395 395 395 395 396 396 396 396 396 396 396 396 396 397 397 397 397 397 397 397 397 398 398 398 398 398 398 398 399 399 399 399 399 399 399 400 400 400 400 400 400 401 401 401 401 402 402
368 369 369 369 369 370 370 370 370 371 373 374 374 374 374 375 375 375 375 375 375 375 375 375 375 376 376 376 376 376 376 376 376 377 377 377 378
363 363 364 364 364 364 364 364 365 365 365 365 365 365 366 366 366 366 366 367 367 367 367 367 368 368 368 369
330 331 331 331 331 331 332 332 332 332 332 332 333 333 333 333 333 333 334 334 334 334 334 334 334 334 335 335 335 335 335 335 335 335 335 335 335 335 335 335 336 336 336 336 336 336 336 336 336 336 336 336 336 337 337 337 337 337 337 337 337 337 338 338 338 338 338 339 339 341 342 342 342 342
325 325 325 325 325 325 326 326 326 326 326 326 327 327 327 327 327 327 328 328 328 328 328 329 329 329 329 329 330 330 330 330 330 330 330 330 331 331 331 331 331 331 331 331 332 332 332 332 332 332 333 333 333 333 333 333 334 334 334 334 335
305 306 306 307 307 307 307 308 308 308 309 309 309 310 310 310 311 311 311 311 312 312 312 312 312 312 312 313 313 313 313 313 313 314 314 314 314 315 315 316 316 317 317 317 317
282 283 284 285 286 287 287 287 287 287 287 288 288 288 288 288 288 288 288 288 288 288 288 288 289 289 289 289 289 289 289 289 289 289 289 290 290 290 290 290 290 290 290 290 291 291 291 291 291 291 291 292 292 292 292 292 293 293 293 294
278 278 278 278 279 279 279 279 279 280 280 280 280 281 281 281 281 281 282 282 282 282 283 283 283 283 283 283 283 283 283 283 283 283 284 284 284 284 284 284 284 284 284 285 285 285 285 285 285 286 286 286 286 286 286 287 287
248 249 249 249 249 250 250 250 250 250 250 251 251 251 251 251 252 252 252 252 252 252 253 253 253 253 253 253 254 254 254 254 254 254 255 255 255 255 255 255 255 255 255 255 255 256 256 256 256 256 256 256 257 257 259 260 261
228 229 229 229 229 230 230 230 230 231 231 231 231 231 232 232 232 232 232 232 233 233 233 233 233 233 233 233 233 233 233 234 234 234 234 234 234 235 235 235 236 236 237 238 239
235 235 235 235 236 236 236 236 237 237 237 237 238 238 239 239 240 240 241 241 241 241
198 199 199 200 200 201 202 203 203 203 203 204 204 204 204 204 204 204 204 204 204 204 204 204 205 205 205 205 205 205 205 205 205 205 205 205 206 206 206 206 206 206 207
185 186 186 187 187 187 188 188 188 189 190 191 191 191 191 192 192 192 192 192 193 193 193 193 194 194 195 196 196 197
168 169 169 169 169 170 170 170 170 170 171 171 171 171 172 172 172 172 172 172 173 173 173 173 173 173 173 173 173 174 174 174 174 174 174 174 174 175 175 175 175 175 175 176 176 176 176 176 176 177 177 177 177 178
146 146 146 147 147 148 148 148 148 149 149 149 149 150 150 150 150 150 150 151 151 151 151 151 151 151 151 151 152 152 152 152 152 152 152 152 152 153 153 153 153 153 153 153 153 154 154 154 154 154 154 154 155 155 155 155 155 156 156 156 157 157 158 158
132 132 132 133 133 133 133 133 133 134 134 134 135
118 119 120 121 121 121 122 122 122 122 122 122 122 122 122 123 123 123 123 123 123 123 123 123 123 123 124 124 124 124 124 124 124 124 125 125 125 125 125 125 126 126 126 126 127
435 436 437 438 439 440 440 440 440 440 441 441 441 441 441 441 441 441 441 442 442 442 442 442 442 442 442 443 443 443 443 443 443 443 444 444 444 444 444 445 445 445 446 446 447 447
430 430 431 431 431 431 431 431 432 432 432 432 432 432 432 433 433 433 433 433 433 434 434 434 434 434 435 435 435 436 436 436 437 437 437
419 419 419 420 420 420 420 420 420 420 420 420 420 421 421 421 421
397 398 398 399 399 399 399 399 400 400 400 400 400 400 400 401 401 401 401 401 401 401 402 402 402 402 402 402 402 402 402 402 402 402 403 403 403 403 403 403 403 403 403 403 403 404 404 404 404 404 404 404 404 405 405 405 405 405 405 405 406 406 406 406 406 407 407 407 407 407 408 408 408 408 409
374 378 379 379 379 379 379 380 380 380 380 381 381 382 382 382 383 383 384
366 367 367 367 368 368 368 368 368 368 368 368 369 369 369 369 370 370 371 372 372 372
340 341 342 343 343 343 344 344 344 344 344 344 344 344 345 345 345 345 345 345 345 345 345 346 346 346 346 346 346 346 346 347 347 347 347 347 347 347 348 348 348 348 349
333 333 334 334 334 334 335 335 335 336 336 337 337 338 338 338 338
310 310 311 311 311 311 311 311 312 314 314 315
298 299 299 300 300 301 301 302 303 303 304 304 304 304 304 305 305 305 305 306 306 306 306 307 307 308 308 308 309 309 309 310 310 310 310 311 311 311 311 311
281 281 282 282 283 285 285 286 286
258 258 259 259 260 260 261 261 261 262 262 262 262 262 262 262 262 262 263 263 263 263 263 263 263 264 264 264 264 264 265 265 265 266 267 268 268 268 269 269 269 269 269
230 231 233 233 234 234 234 234 235 235 235 235 235 236 236 236 236 236 236 236 236 236 237 237 237 237 237 238 238 238 239 239 240 241 242
220 221 222 223 223 223 224 224 224 224 224 224 224 224 224 224 224 224 225 225 225 225 225 225 225 225 225 226 226 226 226 226 226 227 227 227 227 227 227 228 228 228 228 228 228 229 229 229 229 229 229 229 230 230 230 230 230 231
213 214 214 214 214 215 215 215 215 215 216 216 216 216 216 217 217 217 217 217 218 218 218 218 218 218 218 218 218 218 219 219 219 219 219 219 219 220 220 220 220 221 221 221 221 222 222 222 223
180 180 181 182 183 184 184 184 184 184 184 184 184 185 185 185 185 185 186 186 187 189 189 190 190 190 190 191 191
184 184 185 185 185 185 185 185 185 186 186 186 186 187 187
154 154 154 154 155 155 155 155 156 156 156 156 157 157 157 157 158 158 158 158 158 159 159 159 159 159 159 159 160 160 160 160 160 160 161 161 161 161 162 162 162 162 162 163 163 163 163 163 164 164 164 165
132 133 133 134 134 134 135 135 136 138 138 138 138 139 139 139 139 139 139 140 140 140 140 140 141 141 142 143 143 144
112 113 113 113 113 113 114 114 114 114 114 114 114 115 115 115 115 115 115 115 116 116 116 116 116 116 116 116 116 117 117 117 117 117 117 117 117 117 117 117 117 117 117 118 118 118 118 118 118 118 118 118 118 118 118 119 119 119 119 119 119 119 120 120 120 121
437 437 438 438 438 438 439 439 439 439 439 440 440 440 440 440 441 441 441 441 441 441 441 441 441 442 442 442 442 442 442 443 443 443 443 444 444 444 444 444 445 445 445 445 445 446 446 446 447
418 419 420 420 420 420 420 421 421 421 421 422 422 423 423 424
417 418 418 419 419 419 421 422 423 423 423 423 424 424 424 424 424 424 424 424 424 424 424 425 425 425 425 425 425 425 425 426 426 426 426 426 427 427 427 427 427 428 428 428 428 428 428 429 429 429 429 429 430
399 399 400 401 409 410 410 410 410
378 379 380 380 380 381 381 381 382 382 382 382 382 383 383 383 383 383 383 383 383 383 384 384 384 384 384 384 384 384 384 385 385 385 385 385 385 385 385 386 386 386 386 386 386 387 387 387 388 388
350 351 352 354 355 355 355 355 355 355 355 355 356 356 356 356 356 356 356 356 356 357 357 357 357 357 357 357 358 358 358 358 358 358 359 359 359 359 360 360 360 361 361 362 362
332 333 333 334 335 336 337 337 337 337 338 338 338 338 339 339 339 339 339 339 340 340 340 340 340 340 341 341 341 341 342
322 323 323 323 323 323 323 324 324 324 324 324 324 324 324 324 324 325 325 325 325 325 325 325 325 326 326 326 326 326 327 327 327 327 328 328 328 329 329 330
303 304 304 304 304 305 305 305 305 306 306 307 308 309 309 309 310 310 310 310 310 310 310 310 310 310 311 311 311 311 311
293 293 294 294 295 297 297 298 298 298 298 298 298 299 299 299 299 299 300 300 301 301 301 302 302 302 303 303 303 303 304 304 304 304 304
274 275 275 275 275 276 276 276 276 276 277 277 277 277 278 278 279 279 280 280 280
248 248 248 248 248 249 249 249 250 250 250 250 251 251 251 251 251 251 252 252 252 252 252 252 252 253 253 253 253 253 253 253 253 253 253 253 253 254 254 254 254
246 246 247 250 250 250 250 251 251 251 251 251 251 251 251 251 251 251 252 252 252 252 252 252 252 252 252 253 253 253 253 253 253 253 254 254 254 254 254 255 255 255 255 255 256 256 256
227 228 229 229 230 230 230 230 230 231 231 231 232 232 232 233 233 233 233 234 234 235
204 205 206 207 207 207 207 207 208 208 208 208 208 208 208 208 208 208 208 208 208 209 209 209 209 209 209
190 190 190 190 191 191 191 191 191 192 192 192 192 192 193 193 193 193 193 193 194 194 194 194 194 194 195 195 195 195 195 195 195 195 195 195 196 196 196 196 196 196 196 196 196 196 196 196 196 197 197 197 197 197 197 197 197 197 197 198 198 198 198 198 198 198 198 199 199 199 199 199 200 200 200 200
170 171 171 172 172 173 174 175 175 175 175 175 175 176 176 176 176 176 176 176 176 176 177 177 177 177 178 178 179
143 144 144 144 145 145 145 146 146 146 147 147 147 148 148 148 148 149 149 149 149 149 149 150 150 150 150 150 150 150 150 150 150 150 151 151 151 151 151 151 151 151 151 151 152 152 152 152 152 152 152 152 153 153 153 153 153 154 154 154 154 155 155 155 156
135 135 136 137 137 138 138 138 139 139 139 139 140 140 140 140 140 141 141 141 141 141 142 142 142 142 143 143 143 144
113 114 114 114 114 114 114 114 114 114 114 115 115 115 115 115 115 115 115 115 115 115 116 116 116 116 116 116 116 116 116 117 117 117 117 117 117 117 118 118 118 118 118 119 119 119 120 120 121 121
442 443 443 444 444 444 445 445 445 446 447 448 448 448 448 449 449 449 449 450 450 451 451 452
416 417 418 419 420 420 421 421 421 421 422 422 422 422 423 423 424 424
415 416 416 416 416 416 417 417 417 417 417 418 418 418 418 419 419 419 419 419 419 420 420 420 420 420 420 420 420 420 420 421 421 421 421 421 421 421 422 422 422 422 422 422 422 423 423 423 423 423 423 423 424 424 424 424 425
386 387 387 388 388 388 389 389 390 391 392 392 392 392 392 392 393 393 393 393 393 393 393 393 393 393 394 394 394 394 394 395 395 395 396 397 398 398 398 399 399 399 399 399
365 366 367 369 370 370 370 370 370 370 370 370 371 371 371
366 367 368 368 368 369 369 369 372 372 372 373 373 373 374 374 374 374 375 375 375 375 375
330 331 331 332 332 332 333 333 334 335 336 336 336 336 336 336 336 336 336 336 337 337 337 337 337 337 337 337 337 337 338 338 338 338 338 338 338 338 339 339 339 339 339 340 340 341 341 342
330 331 332 333 334 335 335 340 341 342
315 315 316 316 317 317 317 318 318 318 318 319 319 319 319 319 320 320 320 320 320 320 320 320 320 321 321 321 321 321 322 322 324 325 326
284 287 287 288 288 288 288 288 288 288 288 288 289 289 289 289 289 290 290 290 291 291 291 292 292 292 292 293 293 293 293 294 294 294 294 294 294 295 295 295 295 295 295
272 272 272 272 272 272 273 273 273 273 273 273 274 274 274 274 274 274 275 275 275 275 275 275 276 276 276 276 276 276 277 277 277 277 277 277 277 277 277 277 277 277 277 277 278 278 278 278 278 278 278 278 278 278 278 278 278 279 279 279 279 279 279 279 279 279 279 280 280 280 280 280 280 280 280 281 281 281 281 281 282
245 246 246 246 246 247 247 247 247 247 248 248 250 251 251 252 252 252 252 252 252 252 253 253 253 253 253 253 254 254 254 254 255 255 255 255 255 256 256 256 256 256 257 257 257 257 257 258 258 258 258 258 258 259 259 259 259 259 259 259
240 240 241 241 241 241 242 242 242 242 242 242 243 243 243 243 243 243 244 244 244 244 244 244 244 244 244 244 244 244 244 245 245 245 245 245 245 245 245 245 245 245 245 245 246 246 246 246 246 246 246 246 247 247 247 247 249
225 225 225 226 228 228 229 229 229 229 229 229 229 230 230 230 230 231 231 233 233 234 234 234 235
203 203 203 203 204 204 204 204 205 205 205 205 206 206 206 206 207 207 207 207 207 208 208 208 208 208 208 208 208 209 209 209 209 209 209 209 209 209 209 210 210 210 210 210 210 211 211 211 212 213 214 214 215
184 185 186 187 188 189 189 190 190 190 191 191 191 191 191 191 191 192 192 192 192 192 193 193 193 193 194
175 175 176 176 176 176 177 177 177 177 178 178 180 181 181 181 182 182 182 183
161 162 163 164 165 166 166 166 167 167 167 167 167 167 167 168 168 168 168 168 169 169 169 170 170 171 171
142 142 143 143 143 143 143 144 144 144 144 144 144 144 145 145 145 145 145 145 145 146 146 146 146 146 146 146 146 146 146 147 147 147 147 147 148 148 148 149 149 149 150 150 150 150 151 151 151 151 152 152 152 152 152 152 153 153 153 153 153 153
131 132 132 132 132 132 132 132 132 133 133 133 133 133 134 134 135 135 136 137 138 139
433 433 434 434 435 437 437 438 438 438 438 438 438 438 438 438 439 439 439 439 439 439 440 440 440 440 441 441 442 443 443 444
425 426 427 428 428 428 428 428 429 429 429 429 429 429 429 429 429 429 429 429 429 430 430 430 430 430 430 430 430 430 431 431 431 431 432 432
409 410 410 411 411 411 412 412 413 414 415 415 415 415 415 415 415 415 415 416 416 416 416 416 417 417 418 418 422
398 398 398 398 399 399 399 399 399
374 375 376 376 376 376 376 376 376 377 377 377 377 377 377 377 377 378 378 378 379 379 381 382 382 382 382 383 383 383 383 383 383
360 360 360 360 361 361 361 361 362 362 362 362 363 363 363 363 364 364 364 364 364 365 365 365 365 365 365 366 366 366 367 367 368 371 371 371 371 372 372 372 372
344 344 344 344 345 345 346 348 348 349 349 349 349 349 349 350 350 350 350 350 350 350 350 351 351 351 351 351 351 352 352 352 352 352 352 353 353 353 353 353 353 354 354 354 354 354 354 355 355 355 355 355 355 355 356 356 356 356 356 356 356
317 318 318 319 319 320 321 321 322 322 322 322 322 322 323 323 323 323 323 324 324 324 325 325 327 328 328 328 328 329 329 329 329 329 329
306 306 306 306 306 307 307 307 308 308 309 310 311 311 311 311 311 311 311 311 312 312 312 312 312 312 312 313 313 313 313 313 314 314
290 291 292 292 292 292 292 292 292 292 293 293 293 293 293 293 293 294 294 294 294 294 295 295 295 296 297 298 298 298 299 299 299 299 299
281 281 281 281 281 282 282 282 283 284 285 285 285 286 286 286 286 286 286 286 286 286 287 287 287 287 287 287 287 287 288 288 288 288 289 289 289
264 265 265 265 266 266 266 267 267 267 267 268 268 268 268 268 269 269 269 269 269 269 269 270 270 270 270 270 270 270 271 271 271 271 271 272 276
243 244 244 245 245 246 246 247 248 248 249 249 249 249 249 250 250 250 250 251 251 251 252 252 253 253 254 254 254 255 255 256
215 216 216 216 217 217 217 217 217 218 218 218 218 218 219 219 219 219 219 219 219 220 220 220 220 220 220 220 220 220 220 220 221 221 221 221 221 221 221 221 222 222 222 222 222 222 223 223 223 223 223 223 224 224 224 224 224 225 225 225 225 226 226 226 226 227 227
204 205 206 206 206 206 206 207 207 207 207 207 207 207 208 208 208 208 208 208 209 209 209 209 209 209 210 210 210 210 210 211 211 211 212
185 186 186 186 186 187 187 187 187 188 188 189 191 191 192 192 192 192 192 192 193 193 193 193 193 193 193 193 193 194 194 194 194 194 194 194 194 195 195 195 195 195 195 195 196 196 196 196 196 196 197 197 197 197 198 198
172 173 173 174 174 174 174 175 175 175 175 175 175 176 176 176 176 176 176 176 177 177 177 177 177 177 177 177 177 177 178 178 178
161 162 162 163 163 163 163 164 164 164 164 165 165 165 165 165 165 166 166 166 166 166 166 166 166 166 167 167 167 167 167 167 167 167 168 168 168 168 168 168 169 169 169 169 169 169 170 170 170 170 170 170 171 171 171 171 171 171 172 172 172 172 172 172 172 173 173 173 173 173 173 173
127 127 128 128 128 128 128 129 129 129 129 129 129 129 130 130 130 130 130 130 130 130 131 131 131 131 131 131 131 131 131 131 131 131 131 131 132 132 132 132 132 132 132 132 132 132 132 132 132 133 133 133 133 133 133 133 133 133 133 133 134 134 134 134 134 134 134 134 134 135 135 135 135 135 135 135 136 136 136 136 136 136 136 137 137 137 137 137 138
118 118 119 119 119 119 119 119 119 119 119 120 120 120 120 120 120 120 120 121 121 121 121 121 122
438 438 439 439 439 439 440 440 440 440 440 441 441 441 441 441 442 442 442 442 442 442 442 443 443 443 443 443 443 443 444 444 444 444 444 445 445 445 446 446 447 447
425 426 427 428 428 428 428 429 429 429 429 429 429 429 429 429 430 430 430 430 430 430 430 430 430 431 431 431 431 431 431 432 432 433 434 434 435 435 436
414 415 415 415 415 415 416 416 416 416 416 416 416 416 417 417 417 417 417 417 418 418 418 418 418 418 419 419 419 419 419 419 420 420 420 420 420 420 421 421 421 421 421 421 421 422 422 422 422 422 422 422
390 390 391 392 393 394 394 394 394 394 394 395 395 395 395 395 395 395 396 396 396 396 396 396 397 397 397 397 398 398
372 373 373 374 374 374 375 375 375 375 376 376 376 376 376 377 377 377 377 377 377 377 378 378 378 378 378 378 379 379 379 379 380
349 350 351 352 352 352 352 352 353 353 353 353 353 353 354 354 356 357 357 357 358 358 358 358 359 359
343 344 344 344 345 345 345 345 346 346 346 346 346 347 347 347 347 347 347 347 348 348 348 348 349 349 350 350 350 351 351 351 352 352 352 352 353 353 353 354
313 315 315 316 316 316 316 317 317 317 317 317 318 318 318 318 318 318 318 318 319 319 319 320 320 321 321 324 325
311 312 313 314 315 316 316 317 317 317 317 317 318 319 319 319 320 320 320 321 321 321 322
290 290 290 290 291 291 291 291 291 291 291 292 292 292 292 293 293 294 294 295
277 278 278 278 278 279 279 279 279 279 280 280 280 281 281 282 284 284 285 285 285 285 286 286 286 287
263 263 264 264 264 264 265 265 265 265 265 265 266 266 266 266 266 266 267 267 267 267 267 267 267 267 267 267 268 268 268 268 268 268 268 268 268 268 268 269 269 269 269 269 269 269 269 269 270 270 270 270 270 270 270 270 271 271 271 271 271 271 272 272 272 272 272 272 273 273 273 273 274
229 230 230 230 230 231 231 231 231 231 232 232 233 234 235 235 235 236 236 236 236 236 236 236 236 236 237 237 237 237 237 238 238 238 239 239 239 240 240 240 240 241 241 241 241 242 242 242 242 242 242 243 243 243 243 243 243
233 233 233 234 234 235 235 236 236 236 236 237 237 237 237 238 238 238 239 239 240 241 241 242
198 198 198 198 199 199 199 199 200 200 200 200 201 201 201 201 202 202 202 202 202 203 203 203 203 203 203 204 204 204 204 204 204 205 205 205 205 206
186 187 188 188 188 188 189 189 189 189 189 189 189 189 190 190 190 190 190 190 191 191 191 191 191 191 192 192 192 192 192 192 193 193 193 193 193 193 193 194 194 194 194 194 195
166 167 167 167 167 167 168 168 168 168 168 168 169 169 169 169 169 169 170 170 170 170 170 170 170 170 171 171 171 171 171 171 171 171 171 171 171 171 171 171 172 172 172 172 172 172 172 172 172 173 173 173 173 174 174
162 162 163 163 164 166 166 167 167 167 168 168 170 171 171 171 172 172 172 173
130 130 130 131 131 131 132 132 134 135 135 136 136 136 136 136 136 136 137 137 137 137 137 137 138 138 138 138 138 139 139 140 141 141 142 142 143
113 114 114 114 114 114 114 114 114 114 115 115 115 115 115 115 115 115 115 115 115 115 116 116 116 116 116 116 116 116 117 117 117 117 117 117 117 118 118 118 118 119
438 438 439 439 439 439 439 439 440 440 440 440 440 440 440 441 441 441 441 441 442 442 442 442 443
427 427 428 428 429 429 429 429 429 430 430 430 430 430 430 430 431 431 431 431 431 431 431 432 432 432 432 432 432 432 432 432 432 432 432 433 433 433 433 433 433 433 433 433 433 434 434 434 434 434 434 434 435 435 435 435 436 436 437 437
416 416 416 417 418 419 419 419 420 420 420 420 420 421 421 421 421 421 421 421 421 421 422 422 422 422 422 422 422 423 423 423 423 423 424 424 424 425 426 427
399 400 401 402 402 402 402 402 402 402 403 403 403 403 403 403 403 403 403 403 404 404 404 404 404 404 404 404 405 405 405 405 405 405 405 406 406 406 406 406 407 407 407 408 408 408 409 409 409 409 409
385 385 386 386 386 386 387 387 387 387 387 387 388 388 388 388 388 388 389 389 389 389 389 389 389 389 389 390 390 390 390 390 390 391 391 391 391 392 393 394
348 349 350 351 351 352 352 352 352 352 352 352 353 353 353 353 354 354 354 354 355 355 355 355 355 355 356 356 356 356 356 357 357 357
332 333 334 335 336 337 337 337 338 338 338 338 338 338 339 339 339 339 339 339 339 339 339 339 339 340 340 340 340 340 340 340 340 341 341 341 342 342 343 344 344 345 345
318 319 319 319 319 320 320 320 320 320 321 321 322 323 324 324 324 325 325 325 325 325 325 325 325 325 326 326 326 326 326 326 327 327 329
312 313 313 314 314 314 314 315 315 315 315 316 316 316 316 317 317 317 317 317 318 318 318 318 318 319 319 319 319 319 319 319 319 319 319 320 320 320 320 320 320 320 320 320 320 321 321 321 321 321 321 322 322 322 323 323 323 324 324 324 325 325 326
285 286 286 286 287 287 287 287 287 287 287 287 287 287 287 288 288 288 288 288 288 288 289 289 289 289 290 290 290 290 291 291 291 291 292 292 292 292 293 293 293 293 294 294
266 267 268 269 269 269 269 269 270 270 270 270 270 270 270 270 270 270 270 270 270 271 271 271 271 271 271 271 271 271 271 271 271 271 272 272 272 272 272 272 272 272 272 273 273 273 273 273 274 274 275 275 276
256 256 256 256 257 257 257 257 257 257 257 257 258 258 258 258 258 258 259 259 259 259 260 261 262 262
236 237 238 239 240 240 240 240 240 240 241 241 241 241 241 241 241 241 241 242 242 242 242 242 242 243 243 244 244 245 245 245
233 233 234 236 237 237 237 237 237 237 238 238 238 238 238 239 239 239
194 195 196 196 196 197 197 197 197 198 198 198 198 199 199 199 199 199 199 199 200 200 200 200 200 200 200 201 201 201 201 201 201 202 202 202 202 202 203 203 203 204 205 206 206 206 206
196 197 197 197 197 197 197 197 197 198 198 198 198 198 198 198 198 198 199 199 199 199 199 199 200 200 200 200 200 200 201 201 201 201 202
172 172 172 172 173 173 173 173 174 174 174 174 175 175 175 175 175 176 176 176 176 176 176 176 177 177 177 177 177 177 178 178 178 178 179 179 180
155 156 156 156 157 157 157 158 158 158 159 159 159 159 159 159 160 160 160 160 160 160 160 160 160 160 160 161 161 161 161 161 161 161 161 161 161 161 162 162 162 162 162 162 162 162 162 163 163 163 163 163 163 163 163 164 164 164 164 164 164 165 165 165 165 166 166
138 139 140 141 142 142 143 143 143 143 143 143 144 144 144 144 144 144 144 144 144 145 145 145 145 145 145 145 145 146 146 146 146 146 146 147 147 147 147 148 148 148 148 149 149 149 149 149 150
118 119 119 119 120 120 120 121 121 121 121 122 122 122 122 122 123 123 123 123 123 123 123 124 124 124 124 124 124 124 125 125 125 125 125 126 126 126 126 127 128 129 129
452 453 453 453 453 454 454 454 454 454 455 455 455 455 455 456 456 456 456 456 457 457 457 457 457 457 457 457 457 457 458 458 458 458 458 458 459 459 459 460 460 461 462 463 464
434 435 435 436 436 436 437 438 439 439 440 440 441
409 410 410 411 411 411 411 412 412 412 412 413 413 413 413 414 414 414 415 415 415 416 416 416 416 416 417 417 417 417 417 418 418 418 418 419
392 392 393 393 393 393 394 394 394 394 394 395 395 395 395 395 396 396 396 396 396 396 396 396 396 397 397 397 397 397 397 397 398 398 398 398 398 399 399 399
371 372 372 372 372 372 372 373 373 373 373 373 373 373 373 373 374 374 374 374 374 374 374 374 375 375 375 375 375 375 375 376 376 376 376 376 377 377 377 378 378 379 379
349 349 350 350 351 353 353 354 354 354 354 354 354 354 354 355 355 355 355 355 356 356 357 357 357 358 358 358 359 359 359 359 360 360 360 360 360
335 336 336 340 340 341 341 341 341 341 342 342 342 342 342 343 343 343 343 344
325 326 326 326 327 327 327 327 327 328 328 328 328 328 329 329 329 329 329 329 329 329 329 329 330 330 330 330 330 330 330 330 330 330 330 331 331 331 331 331 331 331 332 332 332 332 333 335 335 336 336 336 336 336
311 312 315 315 315 315 315 315 315 315 316 316 316 316 316 316 316 316 316 317 317 317 317 317 317 317 317 318 318 318 318 318 318 319 321
281 282 284 285 285 285 285 285 285 285 285 285 285 285 285 286 286 286 286 286 286 286 286 286 286 286 286 286 287 287 287 287 287 287 287 287 287 287 288 288 288 288 288 288 288 288 289 289 289 289 289 290
270 271 272 272 272 273 273 273 273 273 273 274 274 274 274 274 274 275 275 275 275 275 275 275 275 275 275 275 276 276 276 276 276 276 276 276 276 276 277 277 277 277 277 277 277 278 278 278 278 279 279 280 280
260 260 260 261 261 261 262 262 262 262 262 262 263 263 263 263 263 263 263 264 264 264 264 264 264 264 264 264 265 265 265 265 265 265 265 265 265 265 265 265 265 265 266 266 266 266 266 266 266 266 266 266 266 266 267 267 267 267 267 267 267 267 268 268 268 268 268 269 269 269 269 270 270 270 271
250 250 251 251 251 251 251 251 251 251 251 251 251 251 251 252 252 252 252 252 252 252 252 252 252 253 253 253 253 254 254
216 217 217 218 218 219 220 220 221 221 221 221 221 221 221 221 221 221 222 222 222 222 222
207 208 208 208 208 209 209 209 209 209 209 210 210 210 210 210 211 211 211 211 211 211 212 212 212 212 212 212 213 213 213 213 213 213 214 214 214 214 214 214 214 214 214 214 215 215 215 215 215 215 215 215 215 216 216 216 216 216 216 217 217 217 217 218 218 219 219 220
186 187 187 188 188 188 189 191 191 192 192 192 192 192 192 193 193 193 193 194 194 194 194 195 195 196 196 196
160 161 162 165 165 165 165 165 166 166 166 166 166 166 167 167 167 167 168 168 168 168 169 169 169 169 170 170 170 170 171 171 171 172
156 156 157 157 157 157 157 157 158 158 158 158 159 159 160 162 162 163 163 163 163 164 164
140 140 140 140 141 141 141 141 141 141 141 141 142 142 142 142 143 143 145 145 146 146 146 146 147 147
117 118 119 119 119 119 119 119 119 119 120 120 120 120 120 121 121 121 122 122 123 124 125
435 435 436 436 436 436 437 437 437 437 437 438 438 438 438 438 439 439 439 439 439 439 439 439 439 440 440 440 440 440 440 441 441 441 441 442 442 442 442 443 443 443 443 444 444 444 444 445 445 445 445 446 446
430 431 432 433 434 434 435 435 435 435 435 435 435 436 436 436 436 437 437 439 439 440 440 440 441
411 412 412 412 412 413 413 413 413 413 414 414 414 414 415 415 415 415 416 416 416 416 416 417 417 417 417 417 417 417 418 418 418 418 418 418 419 419 419 419 419 419 420 420 420 420 421 421 422 423 423
402 403 403 404 404 404 404 404 404 404 405 405 405 405 405 405 405 405 405 405 405 406 406 406 406 406 406 406 407 407 407 407 408
369 369 370 370 371 373 373 374 374
357 357 357 357 357 358 358 358 359 360 361 361 361 362 362 362 362 362 362 362 362 362 363 363 363 363 363 363 363 363 363 364 364 364 364 364 364 364 365 365 365 365 365 365 366 366 366 366 367 367 367 368
337 338 338 338 339 339 339 339 340 340 340 341 341 341 341 342 342 342 342 342 342 342 342 342 342 342 343 343 343 343 343 343 343 343 344 344 344 344 345 345 346 347 348
331 331 332 332 332 332 332 332 332 332 332 333 333 333 333 333 333 333 333 334 334 334 334 335 335
320 321 321 322 322 322 322 323 323 324 324 325
279 283 283 284 284 284 284 284 284 284 284 284 285 285 285
271 272 273 274 274 275 275 276
252 253 253 253 253 254 254 254 254 255 255 255 256 256 256 256 257 257 257 257 257 257 257 258 258 258 258 258 258 259 259 259 259 259 260 260 260 261
239 239 239 239 239 240 240 240 241 241 241 242 242 242 242 243 243 243 243 243 244 244 244 244 244 244 244 244 244 245 245 245 245 245 245 245 245 245 246 246 246 246 246 246 246 247 247 247 247 247 247 247 248 248 248 248 248 249 249 249 250 251 251
228 229 229 230 230 230 231 231 231 232 234 234 235 235 235 235 235 235 235 235 235 236 236 236 236 236 236 236 237 237 237 237 237 238 238
199 200 200 200 200 201 201 201 201 201 202 202 202 203 203 204 205 206 206 206 206 206 206 206 206 207 207 207 207 207 207 208 208 210 211 212
196 196 197 197 197 197 197 198 198 198 198 198 198 198 199 199 199 199 199 199 199 199 200 200 200 200 200 200 200 200 200 200 200 200 200 200 201 201 201 201 201 201
168 169 169 169 170 170 170 171 171 172 172 173 173 173 174 174 174 174 175 175 175 175 175 175 175 176 176 176 176 176 176 177 177 177 177 178 178 178 178 178 179 179 179 179 179 180 180 180 180 180 180 181 181 181 181 182
147 148 149 150 150 150 150 151 151 151 151 151 151 151 151 151 152 152 152 152 152 152 152 152 152 153 153 153 153 153 153 154 154 155 156 156 157 157 158
128 130 130 131 131 131 132 132 132 133 133 133 133 133 133 133 134 134 134 134 134 134 134 135 135 135 135 135 135 136 136 136 136 136 137 137 137 138 139 140 140 140
115 116 116 116 116 117 117 117 117 117 117 118 118 118 118 118 118 119 119 119 119 119 119 120 120 120 120 120 121 121 121 121 121 122 122 122 122 122 122 123 123 123 123 123 123 124 124 124 124 125 125 125 125 126 126 127
441 441 441 441 442 442 443 445 445 446 446 446 446 446 446 447 447 447 447 447 447 447 447 447 447 448 448 448 448 449 449 450 451 451 451
431 432 432 432 432 433 433 433 433 433 433 434 434 434 434 434 434 435 435 435 435 435 436 436 436 437 437 437 438 438 438 438 438 438 439 439 439 439 440 440 440 441 441 441 442
401 402 402 403 403 404 406 406 406 406 407 407 407 407 407 408 408 408 409 409 410
391 392 392 393 393 393 394 394 394 395 397 397 398 398 398 398 399 399 400 402 402 403 403 403 403 404 404
375 376 376 377 377 377 378 378 379 380 380 381 381 381 381 381 381 381 381 381 381 382 382 382 382 382 382 382 382 382 382 382 383 383 383 383 383 383 383 383 383 384 384 384 384 384 384 384 384 385 385 385 385 385 386 386
370 370 371 371 371 371 371 371 372 372 372 372 372 372 372 372 372 372 372 372 372 373 373 373 373 373 373 374 374 375 375
345 346 346 346 347 347 347 347 348 348 348 348 348 349 349 349 349 349 349 349 349 349 349 349 350 350 350 350 350 350 350 350 351 351 351 351 352 352
318 318 319 319 320 320 320 320 320 321 321 321 322 322 323 325 325 326 326 326 326 327 327 327 327 327 327
298 299 300 301 301 301 301 301 302 302 302 302 302 302 303 303 303 303 304 304 305 305 306 306 306 306
289 290 291 292 292 292 293 293 293 293 293 293 293 293 293 293 294 294 294 294 294 294 294 294 294 294 294 295 295 295 295 295 295 295 295 295 296 296 296 296 296 296 296 296 297 297 297 297 297 298 298 299 299 300 300 300 300
267 268 268 269 269 269 269 270 270 270 271 271 272 273 274 274 274 275 275
247 248 248 248 248 249 249 249 249 250 250 251 252 253 253 253 254 254 254 254 254 254 254 254 254 255 255 255 255 255 255 255 255 255 255 256 256 256 256 256 256 256 256 257 257 257 257 257 257 257 257 258 258 258 258 258 259 259 260 260 261 261 261
240 241 241 241 242 242 242 242 243 243 243 243 244 244 244 244 244 245 245 245 245 245 245 245 245 246 246 246 246 246 246 246 246 247 247 247 247 247 248 248 249 249 250 250 250 250 250 251 251 251 251 252
219 220 221 221 221 222 222 222 223 223 223 223 223 224 224 224 224 224 224 224 224 224 225 225 225 225 225 225 225 225 225 226 226 226 226 226 226 227 227 227 228 229 230 230 231 231 231 231 231
213 214 214 214 214 215 215 215 215 216 216 216 217 217 217 217 218 218 218 218 218 218 218 219 219 219 219 220 220
189 189 190 190 190 190 191 191 191 191 191 192 192 192 192 192 193 193 193 193 193 193 193 193 194 194 194 194 194 194 194 194 195 195 195 195 195 195 196 196 196 196 197 197 197 197 198 198 198 198 198 199 199 199 199 200
166 166 166 166 166 167 167 167 168 169 170 170 171 171 171 171 171 171 172 172 172 172 172 172 173 173 173 173 174 174 174 174 175 175 176
161 162 163 164 165 166 166 166 166 167 167 167 167 167 167 168 168 168 168 168 169 169 169 169 170
130 130 131 131 131 131 131 132 132 132 132 132 132 132 133 133 133 133 133 133 133 134 134 134 134 134 134 134 134 134 134 134 134 135 135 135 135 135 135 135 135 135 135 135 136 136 136 136 136 136 136 136 136 137 137 137 137 137 137 137 138 138 138 138 138 139 139 139 139 139 140 140 140
130 130 130 131 131 131 131 131 131 131 131 131 132 132 132
433 434 434 435 436 437 437 438 438 438 438 438 438 438 439 439 439 439 439 439 440 440 440 440 440 441 441 441 441 442 442 442 442 443 443 443 443 444 444 444 444 445 445 445 445 445 445
429 430 430 430 430 430 431 431 431 431 431 431 432 432 432 432 432 433 433 433 433 433 434 434 434 434 434 434 434 435 435 435
399 400 401 402 403 404 404 405 405 405 405 406 406 406 406 406 406 406 406 406 407 407 407 407 407 407 407 407 407 408 408 408 408 408 408 408 408 409 409 409 409 409 409 409 410 410 410 410 411 411 411 412 412 412
384 385 386 386 387 387 387 388 388 390 391 391 391 391
381 382 382 382 383 383 383 383 383 383 384 384 384 384 385 385 385 385 385 386 386 386 386 386 387 387 387 387 387 388 388 388 388 388 388 389 389 389 389 389 389 389
366 367 368 368 368 368 368 368 368 368 368 369 369 369 369 369 369 369 369 369 369 369 369 370 370 370 370 370 370 370 370 371 371 371 371 371 371 371 372 372 372 372 373
331 332 332 332 332 333 333 333 333 333 334 334 334 335 338 338 338 338 339 339 339 339 339 339 339 339 340 340 340 340 340 340 341 341 341 341 341 341 342 342 342 342 342 343 343 343 344
323 324 324 324 325 325 325 325 326 326 326 326 327 327 327 327 327 328 328 328 328 328 328 328 329 329 329 329 329 329 329 330 330 330 330 330 331 331 331 332 333 334 334 335
301 302 302 302 302 303 303 303 303 304 304 305 307 307 308 308 308 308 308 308 309 309 309 309 309 309 309 309 310 310 310 310 310 310 311 311 311 311 311 311 312 312 312 312 312 312 313 313 313 313 313 313 314 314 314 314 314 314 314 315 315 315 315 315 315 315
294 295 295 295 295 295 296 296 296 296 296 297 297 297 297 297 298 298 298 298 298 298 298 299 299 299 299 299 299 299 299 299 300 300 300 300 300 300 300 301 304
274 275 275 276 276 276 276 277 277 277 277 277 277 278 278 278 278 278 278 278 279 279 279 279 279 279 279 279 279 279 280 280 280 280 280 280 280 280 281 281 281 281 282 282 283 283 284 284 284 284
261 262 263 263 263 263 263 263 264 264 264 264 264 264 265 265 265 265 266 266 266 267
249 249 250 250 250 250 251 251 251 251 251 251 252 252 252 252 252 252 253 253 253 253 253 253 253 253 253 254 254 254 254 254 254 254 254 254 254 255 255 255 255 255 255 255 255 256 256 256 256 256 257 257
211 212 212 212 212 213 213 213 213 213 214 214 214 214 214 215 215 215 215 215 216 216 216 216 216 216 216 216 216 217 217 217 217 217 218 218 218 219 219 219 220 220 220 220 221 221 222
208 210 210 211 211 211 211 211 211 212 212
183 184 184 185 185 185 186 186 186 186 187 187 187 187 187 188 188 188 188 188 188 188 189 189 189 189 189 190 190 190 191
179 180 180 180 181 181 181 181 182 182 182 182 182 183 183 183 183 183 183 183 183 183 183 183 184 184 184 184 184 184 184 184 184 184 184 185 185 185 185 185 185 185 185 185 186 186 186 186 186 186 186 186 187 187 187 187 187 188 188 189 189 190 190 190
158 158 158 158 158 159 159 159 160 161 162 162 163 163 163 163 163 163 163 163 164 164 164 164 164 164 164 164 165 165 165 165 165 165 166 166 166 166 167
131 131 131 132 132 132 133 133 133 134 134 134 134 134 134 135 135 135 135 135 135 135 136 136 136 136 136 136 137 137 137 137 137 138 138 138 138 139 140 140 141 141 141
125 126 126 126 127 127 127 127 127 127 127 127 127 128 128 128 128 128 129
441 442 442 442 442 443 443 443 443 443 444 444 444 445 445 446 447 448 448 448 448 449 449 449 450 450 452 453 453 453 454 454 454 455
420 421 421 421 422 422 422 422 423 423 423 423 423 424 424 424 424 424 424 424 425 425 425 425 425 425 426 426 426 426 427 427 427
412 413 413 413 413 414 414 414 414 414 415 415 416 417 418 418 419 419 419 419 419 419 420 420 420 420 420 421 421 422 426
397 397 398 398 398 398 399 399 399 399 400 400 400 401
374 374 375 375 375 375 376 376 376 376 376 377 377 377 377 377 378 378 378 378 378 378 378 379 379 379 379 379 379 379 380 380 380 380 380 381 381 381 381 382
367 367 368 368 368 368 369 369 369 369 370 370 371 371 372
329 330 330 330 331 331 331 332 332 333 333 334 334 334 335 335 335 335 335 336 336 336 336 336 336 336 336 336 337 337 337 337 337 337 337 337 338 338 338 338 338 338 338 339 339 339 340 340 340 340 340 341 341 341 341 341 342 342 342 342 342 343 343 343 343 343 343
321 322 323 323 323 323 323 323 323 323 324 324 324 324 324 324 324 324 324 324 324 325 325 325 325 325 325 325 325 325 326 326 326 326 326 326 326 327 327 327 327 327 328 328 328 329 329 329 330
305 305 306 306 306 306 307 307 307 307 307 308 308 308 308 308 309 309 309 309 309 309 309 309 309 310 310 310 310 310 310 310 310 311 311 311 311 311 311 312 312 312 312 312 312 313 313 313 313 314 314 315 315 316 316 316 316 316
289 293 294 294 294 294 294 294 295 295 295 295 296 296 297 297 297 298 298 298 299 299 299 299 299
284 285 286 286 286 286 286 287 287 287
254 254 254 254 255 255 255 255 255 256 256 256 256 257 257 257 257 257 258 258 258 258 258 259 259 259 259 259 259 259 259 259 260 260 260
231 232 232 233 233 233 233 234 234 234 234 234 235 235 235 235 235 236 236 236 236 236 236 236 236 236 237 237 237 237 237 237 237 237 238 238 238 238 238 238 239 239 239 239 239 239 240 240 240 240 240 241 241 241 242
232 232 233 233 234 234 235 235 236 236 236 236 236 237 237 237 237 237 237 238 238 238 238 239 239 240 240 241 241 241 242
214 214 214 214 214 215 215 216 216 217 217 218 218 218 218 219 219 219 219 219 220 220 220 220 220 221 221 221 221 222 222 222 223 223 224 224 225 225
197 198 198 199 199 199 200 201 202 202 202 202 202 202 203 203 203 203 204 204 206
182 182 183 183 183 183 183 184 184 184 184 184 185 185 185 185 186 186 186 187 190
153 153 153 153 154 154 154 154 155 155 155 155 156 156 156 157 157 157 158 159 159 160 160 160 161 161 161 162
136 136 136 137 137 137 137 137 137 137 137 137 137 138 138 138 138 138 138 138 138 138 138 139 139 139 139 139 139 140 140 140 140 141 141 141 141 142 142 142 142 143 143 143 143 144 144 144 144 144 144
128 128 128 128 129 129 129 129 129 129 129 130 130 130 130 130 130 131 131 131 131 131 132 132 132 133 133 133 134 134 134
431 432 433 434 434 434 435 435 435 435 435 435 436 436 436 436 436 436 437 437 437 437 437 437 437 437 437 437 437 438 438 438 438 438 438 438 438 439 439 439 439 440 440 441 442 442 442
438 439 439 439 440 440 440 440 440 440 440 440 440 440 441 441 441 441 441 441 441 441 441 441 441 441 441 442 442 442 442 442 442 442 442 442 442 443 443 443 443 443 443 443 443 444 444 444 444 444 444 445 445 445 445 446 446
412 412 413 413 413 413 414 414 415 415 416 417 418
387 388 388 388 389 389 389 389 389 389 390 390 390 390 390 390 390 391 391 391 391 391 391 391 391 391 392 392 392 392 392 392 392 392 392 392 392 392 392 392 393 393 393 393 393 393 393 393 393 393 393 393 393 394 394 394 394 394 394 394 394 394 394 394 395 395 395 395 395 395 395 395 395 396 396 396 396 396 396 396 397 397 397 397 397 398 398 398 399
365 365 366 366 366 366 367 367 367 367 367 367 368 368 368 368 368 368 369 369 369 369 369 369 369 369 369 370 370 370 370 370 370 370 370 371 371 371 371 372 372 373 374 374 374
364 365 365 365 366 366 366 366 366 366 366 366 367 367 367 367 367 367 368 368 368 369 369 369 370 370 370 371
347 348 348 348 349 349 349 349 350 350 350 350 351 351 351 351 351 351 351 352 352 352 352 352 352 353 353 353 353 354 354 354 354 355 355 355 355 356 356 356 356 356
323 324 324 324 325 325 325 325 325 325 325 325 325 325 325 326 326 326 326 326 326 326 327 327 327 327 328 328 328 328 328 329 329 329 329 329 330 330 330 331
303 304 305 306 306 306 307 307 307 307 307 307 307 307 308 308 308 308 308 309 309 310 310 310 311 311 311 312 312 312 312 313 313 313 314
290 291 291 291 292 292 292 292 292 292 292 292 292 292 293 293 293 293 293 293 293 293 293 294 294 296 297 298 299
280 281 281 282 282 283 284 284 285 285 285 285 285 285 285 285 285 285 286 286 286 286 286 286 286 286 286 286 287 287 287 287 287 287 287 287 288 288 288 288 288 288 288 289 289 289 289 290
256 257 257 257 258 258 258 258 258 258 258 258 258 258 258 259 259 259 259 259 259 259 260 260 260 260 261 261 261 261 261 262 262 262 262 262 263 263 263 263 263 263 264 264 264 264 265
248 248 248 248 248 248 249 249 249 249 249 250 250 250 250 251 251 251 252 252 252 253 253 253 253 253 253 254 254 254 254 254 254 255 255 255 255 255 256 256 257 259
227 227 227 227 228 228 228 228 229 229 229 230 230 231 231 232 232 232 232 232 232 232 232 232 233 233 233 233 233 233 233 233 233 234 234 234 234 234 234 235 235 235 236 237 238 238 239 239 239 239 239
198 199 199 200 200 200 200 201 201 201 201 202 202 202 202 203 203 203 203 203 204 204 204 204 204 205 205 205 205 205 205 205 205 205 206 206 206 206 206 206 206 206 206 207 207 207 207 207 207 208 208 208 208 208 209 209 209 210
178 179 179 179 179 180 180 180 180 180 180 181 181 181 181 181 182 182 182 182 182 183 183 183 183 184 184 184 184 185 185 185 185 186 186 187 189
174 174 175 175 175 175 176 176 177 177 178 179 180 181
150 151 151 151 151 151 152 152 152 152 152 152 153 153 154 156 156 157 157 157 157 158 158 158 158 158 158
146 148 148 149 149 149 149 150 150 150 151 152 153 153 154
117 118 119 120 120 120 120 120 120 120 121 121 121 121 121 122 122 123 123 123 124 124 124 125 125 125 125 126 126 126 127
444 444 444 445 445 445
427 428 429 430 431 432 432 432 432 432 432 433 433 433 433 433 433 433 434 434 436
406 407 407 408 408 408 409 409 410 411 412 412 412 412 412 412 412 412 412 412 413 413 413 413 413 413 414 414 414 415 415 416 417 418
384 384 384 384 385 385 385 385 385 386 386 386 386 386 387 387 387 387 387 387 388 388 388 388 388 388 389 389 389 389 389 389 389 389 390 390 390 390 390 390 390 390 391 391 391 391 392 392 393 393 394 394 394 394
375 376 376 376 376 377 377 377 377 377 378 378 378 378 378 378 379 379 379 379 379 379 380 380 380 380 380 380 380 380 380 380 381 381 381 381 381 381 381 381 381 381 381 381 381 382 382 382 382 382 382 382 382 382 382 382 383 383 383 383 383 383 383 383 383 384 384 384 384 385 385 385 386
353 353 354 354 355 356 357 357 357 357 358 358 358 358 359 359 359 360 360 361 361 362 362 362 362
331 332 332 332 332 333 333 333 333 333 334 334 335 336 337 337 337 338 338 338 338 338 338 338 338 338 339 339 339 339 339 339 339 339 339 340 340 340 340 340 340 341 341 341 341 341 342 342 342 343
317 318 319 320 320 320 321 321 321 321 321 321 322 322 322 322 322 322 323 323 323 323 323 323 323 323 323 323 323 324 324 324 324 324 324 324 324 324 324 325 325 325 325 325 325 326 326 326 326 327 327 327 327 328 328 328 328 329 329 329 329 330 330 330 330 330 330
316 316 316 316 316 316 317 317 317 317 317 317 318 318 318 318 318 318 319 319 319 319 319 320 320 320 320 320 321 321 321 321 321 321 322 322 322 322 322 322 322 323 323 323 323 324 324 324 325 327 327 328 328 328 328 328
283 283 283 283 283 283 284 284 284 284 284 284 285 285 285 285 285 285 286 286 286 286 286 286 287 287 287 287 287 287 288 288 288 288 288 288 288 288 288 288 289 289 289 289 289 289 289 289 290 290 290 290 290 291 291 291 291 294
279 279 280 280 280 280 281 281 281 281 281 281 282 282 282 282 282 282 283 283 283 283 283 283 283 283 283 283 284 284 284 284 284 284 284 285 285 286
252 252 252 252 252 253 253 253 253 253 253 254 254 254 254 254 255 255 255 255 256 256 256 256 257 257 257 257 257 257 257 258 258 258 258 258 259 259 259 259 259 260 260 261 261 261 262 262 262 263 263 263 263 264 264 264 264 264
236 237 237 238 238 238 239 239 239 240 242 242 243 243 243 243 244 244 246 247
231 232 233 233 234 234 234 234 234 235 235 235 235 236 236 237 238 238 239 239 240
211 211 212 213 213 213 214 214 214 214 215 215 215 215 216 216 216 216 216 216 216 217 217 217 217 217 217 218 218 218 218 219 219 219 219 220 220 220 220 221 221 221 221 222 222 222 222 223 223
178 179 179 179 180 180 180 180 181 181 181 181 181 182 182 182 182 182 182 182 182 182 183 183 183 183 183 183 183 183 183 184 184 184 184 184 184 184 185 185 185 185 185 185 185 186 186 186 186 186 186 187 187 187 187 188 188 189 189
162 163 163 163 164 164 164 164 165 165 165 166 166 166 166 167 167 167 167 167 167 167 168 168 168 168 168 169 169 169 170 170 172 173 173 173 173 174 174 174 174 174 174
151 152 152 152 152 152 152 153 153 153 153 153 153 153 153 154 154 154 154 154 154 155 155 155 155 155 155 156 156 156 156 156 156 157 157 157 157 157 157 158 158 158 158 158 158 158 159 159 159 159 159 159 159
132 133 134 134 134 135 135 135 135 135 135 136 136 136 136 136 137 137 137 137 138 138 138 138 139 139 139 139 140 140 140 140 141 141 141 141 141 141
116 116 117 117 117 117 117 117 117 117 117 118 118 118 118 118 118 118 118 118 118 119 119 119 119 119 119 120 120 120 121 121 121 122 122 122 123
434 434 435 437 437 437 437 438 438 438 438 438 438 438 438 438 438 439 439 439 439 439 439 440 440 440 441 441 441 442 442 442 442
429 429 429 429 430 430 431 432 433 433 433 434 434 434 434 434 434 434 434 435 435 435 435 435 435 435 435 435 436 436 436 436 436 436 437 437 438 439 440 440 441 441 441 441
410 410 410 411 411 411 411 411 411 412 412 412 412 412 413 413 413 414 414
380 381 381 382 382 382 382 383 383 383 383 384 384 384 384 385 385 385 385 385 386 386 386 386 386 387 387 387 387 387 387 387 387 387 387 387 387 387 388 388 388 388 388 388 388 388 388 388 388 388 388 389 389 389 389 389 389 389 389 389 389 389 390 390 390 390 390 390 390 390 390 391 391 391 391 391 391 391 392 392 392 392 392 393 393 393 394 394
378 379 379 379 379 380 380 381 382
351 352 352 353 353 354 355 356 356 356 357 357 357 357 357 357 357 357 357 357 358 358 358 358 358 358 358 358 358 358 358 359 359 359 359 359 359 359 359 359 360 360 360 360 360 360 360 360 361 361 361 361 361 361 362 362 362 362 363 363 364 364
346 346 346 346 347 347 348 349 350 350 350 351 351 351 351 351 351 351 352 352 352
326 327 327 327 327 328 328 328 328 328 329 329 329 329 329 330 330 330 330 330 331 331 331 331 331 331 331 331 331 332 332 332 332 332 333 333 335 336 337
302 302 302 302 303 303 303 303 303 303 303 303 303 303 303 303 303 304 304 304 304 304 304 304 304 305 305 305 305 306 306 307 308 308 309
284 284 285 285 285 285 285 285 286 286 286 286 286 286 286 286 286 286 286 286 286 287 287 287 287 287 287 287 287 287 287 287 288 288 288 288 288 288 288 288 288 289 289 289 289 289 289 290 290 290 291 291 291 292 292 292
270 271 271 271 272 272 272 272 273 273 273 273 273 273 274 274 274 274 274 274 274 275 275 275 275 275 275 275 275 275 275 276 276 276 276 276 277 277 278 278 278 279 279 280
245 246 247 248 249 250 250 250 250 251 251 251 251 251 251 251 252 252 252 252 252 252 253 253 253 253 253 253 254 254 254 254 254 255 255 255 256
248 248 249 252 252 252 252 253 253 253 253 254 254 256 257 257 257 257
223 224 224 224 224 225 225 225 225 225 225 225 225 225 225 226 226 226 226 226 226 227
199 203 204 204 204 204 204 204 205 205 205 205 205 205 206 206 206 206 206 207 207 207 207 207 208 208 208 209
185 186 186 186 187 187 187 188 188 188 188 189 189 189 189 189 189 189 189 189 190 190 190 190 190 190 190 190 191 191 191 191 191 191 191 192 192 192 192 192 193 193 193 193 194 194 194 195
162 163 163 163 163 164 164 164 164 165 165 166 168 168 169 169 169 169 169 169 170 170 170 170 170 170 170 170 170 171 171 171 171 171 171 171 171 172 172 172 172 172 172 172 173 173 173 173 174
145 146 146 146 146 147 147 147 147 147 148 148 148 149 150 151 152 152 152 152 152 152 153 153 153 153 154 154 155 156 157 157 157 158 158
141 141 141 141 142 142 142 142 143 143 143 144 144 145 145 146 146 146 146 146 147 147 147 148 148 150 151 151 151 151
110 111 111 111 111 112 112 112 112 112 113 113 113 113 113 114 114 114 114 114 115 115 115 115 115 115 115 115 115 116 116 116 116 116 116 116 117 120 121
437 438 438 438 438 439 439 439 439 439 439 440 440 440 440 441 441 441 441 442 442 442 443 443 443 444 444 444 444 444 445 445 445 446 446 447 449 449 450 450 450 450 451 451 451 451 451 451
432 432 432 432 432 433 433 433 434 435 436 436 436 437 437 437 437 437 437 437 437 438 438 438 438 438 439 439 439 439 439 440 440 440 440 440 441 441 441 442
402 402 403 403 403 403 404 404 404 404 404 404 405 405 405 405 405 405 406 406 406 406 406 406 406 406 406 407 407 407 407 407 408 408 409 409 410
388 389 389 390 390 390 390 391 391 391 391 391 392 392 392 392 392 393 393 393 393 393 393 394 394 394 394 394 394 395 395 395 395 395 395 395 395 395 395 396 396 396 396 396 396 396 396 396 396 396 396 396 397 397 397 397 397 397 397 397 397 397 398 398 398 398 398 398 398 398 399 399 399 399 399 399 400 400 400 401 401 401 402 402
363 364 364 365 365 366 366 366 366 367 367 367 367 367 367 368 368 368 368 368 368 368 368 369 369 369 369 369 369 369 369 369 369 369 369 369 370 370 370 370 370 370 370 370 370 370 370 370 370 371 371 371 371 371 371 371 371 371 372 372 372 372 372 373 373 375 376 376 376 376
353 353 353 353 353 354 354 354 355 355 356 358 358 359 359 359 359 359 360 360 360 361
350 350 351 352 353 353 354 354 354 355 355 355 355 355 356 356 356 356 356 357 357 358 359 359 360 360 361 361
332 333 333 334 334 334 334 334 334 335 335 335
299 300 300 300 301 301 301 302 302 302 304 305 305 306 306 306 307 308 309 310 310 310 310 310
282 282 283 283 284 284 284 284 285 285 285 285 285 285 286 286 286 286 286 286 286 287 287 287 287 287 287 287 287 287 287 288 288 288
268 269 269 269 269 270 270 270 270 270 271 271 271 272 275 275 275 275 276 276 276
257 257 257 257 258 258 258 258 258 258 258 258 258 259 259 259 259 259 259 260 260 260 261 261 262 262 263 263
247 247 247 247 248 248 248 248 248
212 213 213 213 213 214 214 214 214 214 215 215 215 216 219 219 219 219 220 220 220 220 220 220 221 221 221 221 221 222 222 223 224 224 225
209 209 209 210 210 210 210 210 210 210 210 210 210 210 210 210 211 211 211 211 211 211
185 186 187 187 187 187 188 188 188 188 188 189 189 189 189 190 190 190 190 191 191 191 192 192
168 168 168 168 169 169 170 172 172 173 173 173 173 173 173 174 174 174 174 174 174 174 174 174 174 174 174 174 175 175 175 175 175 175 175 175 175 175 175 176 176 176 176 176 176 176 176 176 177 177 177 177 177 177 178 178 178 179
154 155 155 155 155 155 156 156 156 156 156 156 157 157 157 157 157 158 158 158 158 158 159 159 159 159 159 159 159 159 160 160 160 160 160 160 160 160 160 160 161 161 161 161 161 161 161 161 162 162 162 162 162 162 162 163 163 163 163 164 164 164
127 128 128 129 129 129 129 130 130 130 130 131 131 131 131 132 132 132 132 133 133 133 133 133 134 134 134 134 134 134 134 135 135 135 135 135 135 135 135 135 136 136 136 136 136 136 136 137 137 137 137 137 137 137 138 138 138 138 138 139 139 139 140 141 141
124 125 125 125 126 126 127 127 128 128 128 128 128 129 129 129 130 130 131 132
433 433 433 433 434 434 434 434 435 435 435 436 436 437 437 438 438 438 438 438 438 439 439 439 439 439 440 440 440 441 441 442 443 444 445
425 425 426 426 426 426 426 427 427 427 427 427 428 428 428 428 429 429 429 430 431 431
400 401 402 403 404 404 404 405 405 405 405 405 405 405 405 406 406 406 406 406 406 406 406 406 407 407 407 407 407 407 407 407 408 408 408 408 408 408 409 409 409 409 409 410 410 410 411 411 412 412
397 398 398 399 399 399 399 400 400 400 400 400 401 401 401 401 401 402 402 402 402 402 402 403 403 403 403 403 403 404 404 404 404 404 404 404 404 405 405 405 405 405 405 405 405 405 406 406 406 406 406 406 406 407 407 407 407 408 408 409 410
375 376 376 376 376 377 377 377 377 378 378 379 381 381 382 382 382 382 382 382 383 383 383 383 383 383 383 384 384 386 387 388 389
351 352 352 353 353 353 353 353 353 353 353 353 354 354 354 354 354 354 354 354 354 354 355 355 355 355 355 355 356 356 356 357 357 357 358 358 358 358
342 343 344 345 346 347 347 347 347 347 347 348 348 348 348 348 348 348 348 348 348 349 349 349 349 349 349 349 349 350 350 350 350 350 350 350 351 351 351 351 351 352 352 352 352 352 353 353 353 354
320 321 322 322 322 323 323 323 323 324 324 324 324 324 324 324 325 325 325 325 325 325 325 325 325 325 325 326 326 326 326 326 326 326 327 327 328
307 307 308 308 308 308 308 308 309 309 309 309 309 309 309 310 310 311 313 313 314 314 314 314 315 315
298 299 299 299 300 300 300 301 301 301 302 302 302 302 302 303 303
269 269 269 269 269 270 270 270 271 272 273 273 274 274 274 274 274 275 275 275 275 275 276 276 276 276 276 277 277 277 278 278 279 280 280 281 281 281 281
263 264 264 264 264 265 265 265 265 265 266 266 266 266 267
233 237 238 238 238 238 238 238 238 238 238 238 239 239 239 239 239 239 239 239 239 239 240 240 240 240 240 240 241 241 241 242 242 243 243
214 214 215 216 217 217 217 217 217 217 218 218 218 218 218 218 218 218 218 219 219 219 219 219 219 220 220 220 221
209 210 210 211 211 211 212 212 213 214 214 215 215 215 215 215 215 215 215 216 216 216 216 216
179 180 180 180 180 181 181 181 181 181 182 182 184 185 185 186 186 186 186 186 186 187 187 189
161 161 162 162 163 165 165 166 166 166 166 166 166 166 166 166 167 167 167 167 167 167 168 168 168 168 169 169 170 171
151 152 152 152 153 153 153 153 154 154 154 154 154 155 155 155 155 155 155 155 156 156 156 156 157 157 158 160 160 161 161 161 162
138 139 139 139 140 140 141 142 142 142 143 143 143 143 143 144 144 144 144 145 145 145 146 146 147 147 148 148 148 149 149 150
124 124 125 125 125 125 125 125 125 125 125 126 126 126 126 126 126 126 126 126 126 126 127 127 127 127 127 127 127 127 127 128 128 128 128 128 128 128 129 129 129 129 129 130 130 130 130 130 131 131 131
439 442 442 443 443 443 443 443 443 443 443 443 443 443 443 443 444 444 444 444 444 444 444 444 444 444 445 445 445 445 446 446 448 448 449 449 449 450
425 426 426 426 426 427 427 427 427 427 427 428 428 428 428 429 429 429 429 430 430 430 431 431 431 432 432 432 432 432 432 433 433 433 433 433 433 433 434 434 434 434 434 434 435 435 435 435 435 435 436 436 436 436 437 437 438 439 439
414 415 415 416 416 416 416 416 416 416 416 417 417 417 417 417 417 418 418 420 421 422 423
401 403
372 373 374 374 374 374 374 374 375 375 375 375 375 375 375 375 376 376 376 376 376 376 377 377 377 377 377 377 378 378 378 378 379
353 354 355 355 355 355 355 355 355 356 356 356 356 356 356 356 356 356 356 357 357 357 357 357 357 358
349 350 350 350 350 351 351 351 351 351 351 351 351 351 351 351 352 352 352 352 352 352 352 352 352 353 353 353 353 353 353 353 353 354 354 354 354 354 354 355 355 356 357 357
326 327 328 329 329 329 329 329 330 330 330 330 330 330 330 330 330 330 330 330 330 331 331 331 331 331 331 331 331 331 332 332 332 332 332 332 333 333 333 333 333 333 334 334 334 334 334 335 335 335 335 336 336 336 337
317 317 318 318 318 318 319 319 319 319 319 320 320 320 320 320 321 321 321 321 321 321 321 322 322 322 322 322 322 323 323 323 324 324 325 326 326 327 327
289 289 289 290 290 291 291 292 292 292 292 293 293 293 293 293 293 294 294 294 294 294 294 294 294 294 295 295 295 295 295 296 296 296 297 297 297 298 298 298 298 299 299 299 299 300 300 300 300 300 300 301 301 301 301 301 301
273 274 275 277 278 278 278 278 278 278 278 278 278 278 278 278 279 279 279 279 279 279 279 279 279 279 279 279 279 280 280 280 280 280 280 280 280 280 281 281 281 281 281 282 282 284 285 285 285 285
253 254 255 256 257 257 258 258 258 258 258 258 259 259 259 259 259 259 259 259 260 260 260 260 260 261
228 229 230 231 232 233 233 233 234 234 234 234 234 234 234 234 234 234 235 235 235 235 235 235 236 236 236 237 237 237 238 238 238 238
221 221 222 225 225 225 225 226 226 226 226 226 226 226 227 227 227 227 227 227 228 228 228 228 228 229 229 229 230
208 208 209 209 209 209 209 209 209 209 209 209 210 210 210 210 210 210 210 210 211 211 211 212
193 194 194 195 195 195 196 196 196 197 199 199 200 200 200 200 200 201 201 202 202 202 203 203 204
163 164 164 165 165 165 165 167 167 167 168 168 168 168 169 169 169 169 169 170 170 170 170 170 170 170 170 171 171 171 171 171 171 171 171 171 172 172 172 172 172 172 172 172 173 173 173 173 173 173 173 174 174 174 174 175
146 147 148 149 150 150 151 151 151 151 151 151 152 152 152 152 153 153 153 154 155 156 156 157
129 130 130 131 131 131 131 131 132 132 132 132 132 132 132 133 133 133 133 133 133 133 134 134 134 134 134 134 134 134 134 134 134 134 135 135 135 135
118 118 119 119 119 119 119 119 120 120 120 120 120 120 120 120 121 121 121 121 121 121 122 122 122 122 122 122 123 123 123 123 123 124 124 124 124 125 125 125 125 126 126