366 365 366 367 368 365 366 367 368 369 366 367 368 369 367 368 369 369
352 353 354 355 354 355 355 355 355 356 357 354 355 356 357 358 359 360 361 355 356 357 358 359 360 361 362 357 358 359 360 357 358 357 357 356 356
352 353 354 355 351 352 353 354 355 351 352 353 354 350 351 352 353 354 350 351 352 353 354 349 350 351 352 353 354 355 356 357 358 351 352 353 354 355 356 357 358 359 360 355 356 357 358 359 360 358 359 360 358 359 360 357 358 359 360
351 351 352 353 350 351 352 353 354 355 356 357 358 352 353 354 355 356 357 358 359 353 354 355 356 357 353 354 355
357 357 357 358 352 353 354 355 356 357 358 359 360 354 355 356 357 358 359 360 356 357 358 359 360 358 359 358 359 360
363 363 364 365 364 365 366 367 364 365 366 367 365 366 367 368 369 366 367 368 369 370 367 368 369 370 368 369 370 371 370 371 370 371 372 370 371 372
348 345 346 347 348 343 344 345 346 347 348 343 344 345 346 347 342 343 344 345 346 347 342 343 344 345 346 347 342 343 344 345 346 347 341 342 343 344 345 346 347 348 349 350 351 343 344 345 346 347 348 349 350 345 346 347 348 349 347 348
362 362 362 361 362 363 364 361 362 363 364 365 366 367 362 363 364 365 366 367 363 364 365 366 367 365 366 367 365 366 367 365 366 367
354 354 355 356 355 356 357 355 356 357 355 356 357 358 359 360 356 357 358 359 360 361 362 357 358 359 360 361 362 359 360 361 362 363 361 362 363 361 362 363 360 361 362 363 364
355 355 355 355 355 356 357 358 359 360 361 355 356 357 358 359 360 361 362 357 358 359 360 357 358 357 357
343 344 345 344 345 346 347 345 346 347 348 345 346 347 348 349 350 346 347 348 349 350 351 352 353 354 348 349 350 351 352 353 354 355 350 351 352 353 350 351 350 350 349
364 361 362 363 364 365 364 365
348 349 350 346 347 348 349 350 351 348 349 350 351 349 350 351 352 351 352 353
346 347 347 347 347 348 349 346 347 348 349 350 346 347 348 349 350 351 352 348 349 350 351 352 353 350 351 352 353 353 354 353 354 353 354 355 353 354 352
357 354 355 356 357 353 354 355 356 357 355 356 357 356 357 357 358 359 355 356 357 358 359 360 357 358 359 360 358 359 360 361 360 361 362
363 362 363 360 361 362 363 364 365 366 360 361 362 363 364 365 362 363 364 363 364 364 364 365 366 367
352 353 354 355 354 355 355 355 355 356 357 350 351 352 353 354 355 356 357 358 359 360 361 354 355 356 357 358 359
362 362 362 363 364 365 361 362 363 364 365 366
367 367 368 369 367 368 369 370 368 369 370 368 369 370 371 370 371 372
344 345 346 347 348 344 345 346 344 345 346 345 346 347 348 345 346 347 348 349 345 346 347 348 349 350 351 352 353 349 350 351 352 353 351 352 353 351 352
341 342 341 342 343 344 342 343 344 345 346 342 343 344 345 346 342 343 344 345 346 347 348 344 345 346 347 348 349 346 347 348 349 349
338 339 338 339 340 341 339 340 341 342 343 339 340 341 342 343 344 339 340 341 342 343 344 345 346 347 348 349 343 344 345 346 347 348 349 350 345 346 347 348 345 346
338 339 337 338 339 340 341 337 338 339 340 341 342 343 337 340 341 342 343 336 337 342 343 344 345 344
333 330 331 332 333 329 330 331 332 333 331 332 333 333 333 333 330 331 332 333 334 335 336 337 331 332 333 334 335 336 337 338 333 334 335 336 337 338 334 335 336 337 338 339 336 337 338 339 336 337 338 339 336 337 338 339 340
349 350 350 348 349 350 351 352 344 345 346 347 348 349 350 351 352 353 354 355 356 345 346 347 348 349 350 351 352 353 354 355 356 357 347 348 349 350 351 352 353 354 355 356 349 350 351 352 353 354 355 356 351 352 353 354 355 356 351 353
334 334 335 336 337 338 334 335 336 337 335 336 337 335 336 337 338 339 335 336 337 338 339 340 341 336 337 338 339 340 338 339 340 339 340 341 340 341 342 343 340 341 342 343 344 345
337 336 337 338 339 336 337 338 339 340 335 336 337 338 339 335 336 337 338 339 334 335 336 337 338 339 340 341 342 335 336 337 338 339 340 341 342 343 344 338 339 340 341 342 343 344 345 346 340 341 342 343 344 345 346 347 342 343 344 345 346 347 344 345 346 347 346 347
340 341 340 341 342 343 341 342 343 344 345 341 342 343 344 345 341 342 343 344 345 346 343 344 345 346 345 346 346
333 332 333 328 329 330 331 332 333 334 335 328 329 330 331 332 333 334 335 336 331 332 333 334 335 336 333 334 335 336 337 335 336 337 338
339 339 340 341 340 341 342 343 340 341 342 343 341 342 343 344 345 346 342 343 344 345 346 347 348 349 343 344 345 346 347 348 349 344 345 346 347 348 349 346 347 348 350 348 349 350 348 349 350 350
337 337 338 339 340 341 342 343 334 335 336 337 338 339 340 341 342 343 344 336 337 338 339 340 341 342 343 344 337 338 339 340 341 342 343 344 339 340 341 342 343 344 341 342 343 344 343 344 343 344
337 336 337 335 336 337 335 336 337 337 337 332 333 334 335 336 337 338 339 332 333 334 335 336 337 338 339 340 334 335 336 337 338 339 340 341 336 337 338 339 340 341 338 339 340 341 342 340 341 342 342 343 342 343
331 330 331 332 333 330 331 332 333 334 329 330 331 332 333 329 330 331 332 333 328 329 330 331 332 333 334 335 336 329 330 331 332 333 334 335 336 337 331 332 333 334 335 336 337 333 334 335 336 337 338 335 336 338 338 339 338 339 338 339
337 336 335 336 337 338 339 340 341 342 343 337 338 339 340 341 342 343 344 339 340 341 342 343 344 339 340 341 342 343 344 339 340 341 342 343 344 338 339 340 341 342 343 344 340 341 342 343 344 344
346 347 348 349 341 342 343 344 345 346 347 348 349 350 351 352 353 344 345 346 347 348 349 350 351 352 353 346 347 348 349 350 351 352 353 348 349 350 351 352 353 351 352 353 351 352 353 350 351 352 353
333 333 333 333 333 334 335 336 328 329 330 331 332 333 334 335 336 337 338 330 331 332 333 334 335 336 337 338 332 333 334 335 336 337 338 334 335 336 337 338 336 337 338 337 338 337 338
334 334 335 336 335 336 337 335 336 337 335 336 337 338 339 336 337 338 339 340 337 338 339 340 341 338 339 340 341 340 341 342 342 343 343
337 338 339 339 340 341 339 340 341 342 341 342 341 342 343 341 342 343 340 341 342 343 344
336 337 335 336 337 338 339 335 336 337 338 339 340 341 335 336 337 338 339 340 341 334 335 336 337 338 339 340 341 342 343 337 338 339 340 341 342 343 344 345 346 341 342 343 344 345 346 344 345 346 344 345 346 344 345 346 344 345 343
331 332 333 334 330 331 332 333 334 335 332 333 334 335 332 333 334 335 336 332 333 334 335 336 332 333 334 335 336 331 332 333 334 335 336 331 332 333 334 335 336 337
315 316 316 317 318 319 320 315 316 317 318 319 320 321 316 317 318 319 320 321 317 318 319 320 321 322 318 319 320 321 322 320 321 322 322
324 323 324 322 323 324 323 324 324 324 321 322 323 324 325 326 327 328 321 322 323 324 325 326 327 328 329 323 324 325 326 327 328 329 324 325 326 327 328 329 330 326 327 328 329 330 328 329 330 330 330 331
326 327 328 329 330 328 329 330 329 330 330 330 329 330 331 332 330 331 332 333 332 333 334 332 333 334 332 333 334 335 332 333 334 335 331 332 333 334 335 336 331 332 333 334 335 336
325 325 325 320 321 322 323 324 325 326 320 321 322 323 324 325 326 327 328 323 324 325 326 327 328 325 326 327 328 329 327 328 329 330
321 318 319 320 321 317 318 319 320 321 319 320 321 319 320 321 315 316 317 318 319 320 321 322 323 324 325 316 317 318 319 320 321 322 323 324 325 326 319 320 321 322 323 324 325 326 321 322 323 324 325 326 327 323 324 325 326 327 325 326 327 327
326 327 327 328 327 328 327 328 325 326 327 328 329 330 326 327 328 329 330 331 328 329 330 331 329 330 331 332 331 332 333
330 330 330 330 331 332 333 334 335 336 325 326 327 328 329 330 331 332 333 334 328 329 330 331 330 331 332 333 331 332 333 334 331 332
311 312 312 313 313 314 315 312 313 314 315 316 315 316 317 315 316 317 315 316 317 318 315 316 317 318 314 315 316 317 318 319 314 315 316 317 318 319
315 315 316 317 315 316 317 318 314 315 316 317 318 314 315 316 317 318 319 320 321 322 318 319 320 321 322 323 320 321 322 323 320 321 322 323 324 320 321 322 323 324 320 321 322 323 324 319 320 321 322 323 324 319 320 321 322 323 324 325
328 327 328 326 327 327 327 326 327 328 322 323 324 325 326 327 328 329 330 331 332 323 324 325 326 327 328 329 330 331 332 333 325 326 327 328 329 330 331 332 333 327 328 329 330 331 332 333 329 330 331 332 333 329 330 331 332 333 331 332 333
320 317 318 319 320 316 317 318 319 320 318 319 320 320 320 320 317 318 319 320 321 322 323 324 318 319 320 321 322 323 324 325 320 321 322 323 324 325 321 322 323 324 325 326 323 324 325 326 323 324 325 326 323 324 325 326 327
317 317 318 319 317 318 319 317 318 319 316 317 318 319 320 321 316 317 318 319 320 321 322 323 324 325 326 318 319 320 321 322 323 324 325 326 327 320 321 322 323 324 325 321 322 323 322 323 322 323
315 314 315 313 314 315 314 315 315 316 317 318 319 315 316 317 318 319 320 317 318 319 320 317 318 319 320 321 317 318 319 320 321 319 320 321 321
324 324 324 324 322 323 324 318 319 320 321 322 323 324 325 326 327 319 320 321 322 323 324 325 326 327 328 329 330 331 322 323 324 325 326 327 328 329 330 324 325 326 327 328 329 326 327 328 329
316 313 314 315 316 312 313 314 315 316 314 315 316 315 316 314 315 316 317 318 319 320 315 316 317 318 319 320 321 316 317 318 319 320 321 318 319 320 321 322 320 321 322 322 322 320 321 322 323
322 321 322 320 321 322 323 324 325 322 323 324 325 326 327 328 329 323 324 325 326 327 328 329 325 326 327 328 329 325 326 327 328 329 324 325 326 327 328 329 325 326 327 328 329 329
331 330 328 329 329 330 331 329 330 331 332 333 330 331 332 334 331 332 334 332 334 334 334
330 329 330 327 328 329 330 327 328 329 330 327 328 329 330 327 328 329 330 326 327 328 329 330 326 327 328 329 330 331 328 329 330 331 332 333 330 331 332 333 334 333 334 333 334 335 333 334 335 333 334 335 336 332 333 334 335 336
320 319 320 321 322 320 321 322 323 322 323 324 322 323 324 322 323 324 325 322 323 324 325 321 322 323 324 325 321 322 323 324 325
318 319 319 320 321 320 321 322 320 321 322 323 324 320 321 322 323 324 325 326 327 328 322 323 324 325 326 327 328 329 324 325 326 327 328 329 324 325 326 327 328 329 324 325 326 327 328 329 323 324 325 326 327 328 329 325 326 327 328 329 329
312 313 314 315 312 313 314 315 312 313 314 313 314 313 314 313 314 315 317 314 315 316 317 318 315 316
301 298 299 300 296 297 298 297 297 298 299 298 299 300 301 299 300 301 302 303 301 302
316 317 316 317 318 319 320 321 314 315 316 317 318 319 320 321 322 315 316 317 318 319 320 321 322 317 318 319 320 321 322 319 320 321 322 320 321 322 320 321 322 318 319 320 321 322
297 297 297 297 296 297 295 296 297 298 299 297 298 299
312 313 314 314 314 313 314 315 316 314 315 316 317 315 316 317 317
299 298 299 297 298 299 297 298 299 299 299 298 299 300 301 298 299 300 301 302 299 300 301 302 300 301 302 303 302 303 302 303 304 302 303 304
313 314 313 314 315 316 317 318 311 312 313 314 315 316
296 297 297 296 297 298 299 294 295 296 297 298 299 300 301 302 303 297 298 299 300 301 302 303 304 299 300 301 302 303 304 299 300 301 302 303 304 299 300 301 302 303 304 301 302 303 304 303 304
306 306 306 306 305 306 304 305 306 307 308 309 306 307 308 309 310 307 308 308 307
300 301 300 301 302 303 301 302 303 304 305 301 302 303 304 305 301 302 303 304 305 306 307 308 309 310 311 302 303 304 305 306 307 308 309 310 311 312 304 305 306 307 308 309 310 305 306 307 308 307
299 300 300 301 302 300 301 302 303 299 300 301 302 303 304 305 299 300 301 302 303 304 305 306 307 308 309 301 302 303 304 305 306 307 308 309 310 303 304 305 306 307 308 309 310 304 305 306 307 308 309 310 306 307 308 309 310 308 309 310 308 309 310 307 308 309 310
293 294 295 296 295 296 296 296 296 297 298 293 294 295 296 297 298 299 300 301 302 293 294 295 296 297 298 299 300 301 302 303 295 296 297 298 299 300 301 296 297 298 299 298 298 299 300
308 305 306 307 308 304 305 306 307 308 306 307 308 307 308 308 309 310 307 308 309 310 311 308 309 310 311 309 310 311 312 311 312 313
310 310 311 312 310 311 312 313 309 310 311 312 313 309 310 311 312 313 314 315 316 311 312 313 314 315 316 317 318 319 320 313 314 315 316 317 318 319 320 314 315 316 317 318 319 320 316 317 318 319 318
305 302 303 304 305 300 301 302 303 304 305 301 302 303 304 301 302 303 304 302 303 304 302 303 304 303 304 305 306 307 308 304 305 306 307 308 309 305 306 307 308 309 306 307 308 309 307 308
295 295 296 297 295 296 297 298 295 296 297 294 295 296 297 294 295 296 297 298 299 300 301 298 299 300
304 304 305 306 303 304 305 306 307 308 309 310 311 304 305 306 307 308 309 305 306 307 307 308 309 306 307 308 306
293 294 295 296 297 295 296 297 296 296 296 297 295 296 297 298 299 297 298 299 300 299 300 301 299 300 301 299 300 301 302 301 302
303 301 302 303 304 305 306 307 308 309 310 302 303 304 305 306 307 308 309 310 311 304 305 306 307 308 309 305 306 307 307
305 306 307 307 307 304 305 306 307 308 309 307 308 309 310 309 310 309 310 309 309 308 308
288 288 289 288 289 290 291 290 291 290 291 292 290 291 292 289 290 291 292 293
284 284 285 286 287 282 283 284 285 286 287 288 289 290 291 284 285 286 287 288 289 285 286 287 287
289 290 289 290 289 290 291 287 288 289 290 291 292 293 294 295 296 287 288 289 290 291 292 293 294 295 296 297 289 290 291 292 293 294 295 290 291 292 293 292 293 294 292 293 294 295 296
277 278 279 278 279 280 281 277 278 279 280 281 277 278 279 280 281 282 283 284 285 281 282 283 284 285 286 283 284 285 286 283 284 285 286 283 284 285 286 283 284 285 286 282 283 284 282
278 279 280 281 282 280 281 282 282 283 284 285 286 280 281 282 283 284 285 286 287 282 283 284 285 286 287 285 286 287 288 285 286 287 288 284 285 286 287 288 285 286 287 288 289
298 298 298 298 297 298 295 296 297 298 299 300 296 297 298 299 300 301 302 298 299 300 301 302 301
278 279 280 280 278 279 280 274 275 276 277 278 279 280 281 282 283 284 275 276 277 278 279 280 281 282 283 284 285 278 279 280 281 282 283 284 285 280 281 282 283 284 285 282 283 284 285 282 283 284 285
293 294 295 294 295 294 295 293 295 296 296 297 298 298 298 297 298 299 300 298 299 300 301
298 299 298 299 297 298 299 300 293 294 295 296 297 298 299 300 301 302 303 304 305 298 299 300 301 302 303 304 305 306 301 302 303 304 305 306 301 302 303 304 305 306 301 302 303 304 305 306 301 302 303 304 305 306 300 301 302 303 304 305 306 300 301 302 303 304 305 306
277 278 278 279 279 279 276 277 278 279 280 281 279 280
290 291 286 287 288 289 290 291 292 293 294 286 287 288 289 290 291 292 293 294 295 296 288 289 290 291 292 293 294 295 296 290 291 292 293 294 295 296 297 292 293 294 295 296 297 294 295 296 297 296 297 297 298
293 293 292 293 294 295 296 297 298 299 292 293 294 295 296 297 298 299 300 293 294 295 296 297 298 299 300 295 296 297 298 299 300 297 298 299 297 298
296 293 294 295 296 292 293 294 295 296 294 295 296 295 296 296 297 298 297 298 299 297 298 299 297 298 299 298
279 279 280 281 279 280 280 280 281 282 280 281 282 283 284 282 283 284 285 283 284 285 286 285 286 285 286 287 285 286 287 285 286 287 288 284 285 286 287 288
299 299 299 298 296 297 298 299 300 301 297 298 299 299 300 300
286 285 286 283 284 285 286 283 284 285 286 283 284 285 286 284 285 286 284 285 286 284 285 286 287 285 286 287 288 289 286 287 288 289 290 287 288 289 290 289 290 291 291 291 292
279 278 279 277 278 278 278 279 277 278 279 280 281 278 279 280 279 280 281 281 282 283 280 281 282 280
275 275 276 277 276 277 278 279 276 277 278 279 277 278 279 280 281 282 283 279 280 281 282 283 284 280 281 282 283 284 282 283 284 285 282 283 284 285 282 283 284 285 282 283 284 285 281 282 283 284 285 286
290 289 290 288 289 290 289 290 290 291 292 293 294 289 290 291 292 293 294 295 290 291 292 293 294 295 291 292 293 294 295 292 293 294 295 294 295
292 291 292 290 291 292 291 292 292 293 294 295 296 291 292 293 294 295 296 292 293 294 295 296 293 294 295 295 295 295 296 295 296 297 298
270 270 270 269 265 266 267 268 269 270 271 272 273 274 275 276 266 267 268 269 270 271 272 273 274 270 271 272
272 273 274 275 276 277 272 273 274 275 276 277 271 272 273 274 275 276 277 271 272 273 274 275 276 277 271 272 273 274 275 276 277 271 272 273 274 275 276 277 278 279 280 273 274 275 276 277 278 279 280 281 277 278 279 279 278 278
278 278 275 276 277 278 279 276 277 278 279 280 281 278 279 280 281 279 280 281 280 281 280 281
273 273 273 273 273 274 275 276 271 272 273 274 275 276 277 273 274 275 276 277 274 275 276 276
276 276 277 278 276 277 278 279 276 277 278 279 275 276 277 278 279 275 276 277 278 279 280 281 282 276 277 278 279 280 281 282 283 284 278 279 280 281 282 283 284 285 286 279 280 281 282 283 284 285 286 281 282 283 284 285 286 283 284 285 286 285 286
274 273 274 275 276 273 274 275 276 277 272 273 274 275 276 272 273 274 275 276 271 272 273 274 275 276 277 278 279 280 281 282 283 272 273 274 275 276 277 278 279 280 281 282 283 284 274 275 276 277 278 279 280 281 282 283 284 276 277 278 279 280 281 282 283 284 278 279 280 281 282 283 280 281 282 280 281 282 280 281 282
277 276 277 277 277 278 272 273 275 276 277 278 279 280 281 277 278 279 280 281 278 279
277 274 275 276 277 272 273 274 275 276 277 272 273 274 275 276 271 272 273 274 275 276 271 272 273 274 275 276 271 272 273 274 275 276 270 271 272 273 274 275 276 277 278 279 280 276 277 278 279
262 262 262 262 262 259 260 261 262 263 264 259 260 261 262 263 264 265 266 267 261 262 263 264 265 266 267 262 263 264 265 266 267 268 264 265 266 267 268 266 267 268 268
268 269 270 263 264 265 266 267 268 269 270 271 266 267 268 269 270 271 268 269 270 271 270 271 270 271
263 262 263 261 262 263 264 263 264 265 266 264 265 266 267 266 267 266 267 268 265 266 267 268 266 267 268 269
278 279 280 281 278 279 280 281 278 279 280 279 280 279 280 279 280 281 282 283 284 281 282 283 284 285 286 282 283 284 285 286 284 285 286 287 284 285 286 287 284 285 286 287 284 285 286 287 283 284 285 286 287 288
263 263 262 263 264 265 266 262 263 264 265 266 267 263 264 264 265 266 264 265 266 267 264 265 266 267 268 269
280 277 278 279 275 276 277 275 276 277 275 276 277 276 277 278 279 276 277 278 279 280 276 277 278 279 280 281 282 283 284 277 278 279 280 281 282 283 284 285 279 280 281 282 283 284 285 280 281 282 283 284 285 286 282 283 284 285 286 284 285 286 286
270 270 271 272 271 272 273 271 272 273 271 272 273 274 275 276 277 278 279 273 274 275 276 280 274 278 279 280 278 279 280 278 279 280 280 275
266 266 266 266 266 267 268 269 270 271 272 266 267 268 269 270 271 272 273 268 269 270 271 272 273 268 269 270 271 272 273 268 269 270 271 272 268 269 270 271 267 268 269 267
263 262 263 260 261 262 263 264 263 264
274 275 275 275 274 276 277 278 279 274 278 279 280 275 280 280 281
276 277 278 278 277 278 276 277 278 279 280 281 282 277 278 279 280 281 282 283 278 279 280 281 282 283 280 281 282 283 284 282 283 284 282 283 284 281 282 283 284 285
280 279 277 278 279 280 281 282 283 284 285 286 278 279 280 281 282 283 284 285 286 287 280 281 282 283 284 285 283
255 256 257 258 259 260 255 256 257 258 259 260 255 256 257 258 259 256 257 258 259 256 257 258 259 256 257 258 259 260 261 262 263 264 265 266 260 261 262 263 264
256 257 256 257 258 259 255 256 257 258 259 260 255 256 257 258 259 260 254 255 256 257 258 259 260 261 262 263 255 256 257 258 259 260 261 262 263 264 265 266 267 258 259 260 261 262 263 264 265 266 267 260 261 262 263 264 265 266 267 262 263 264 265 266 267 265 264 265 266 267
256 256 257 258 259 260 256 257 258 259 260 261 257 258 259 260 257 258 259 260 257 258 259 260 261 262 263 264 265 266 267 261 262 263 264 265 266 267 268 263 264 265 266 263 264 263 263 262
256 256 257 258 256 257 258 259 260 257 258 259 260 261 257 258 259 260 261 262 263 257 258 259 260 261 262 263 264 265 266 267 259 260 261 262 263 264 265 266 267 268 261 262 263 264 265 266 267 268 264 265 266 267 268 264 265 266 267 268 263 264 265 266 267 268 264 265 266 267 268 268
256 256 257 258 256 257 258 259 256 257 258 255 256 257 258 255 256 257 258 259 260 261 259 260 261 262 261 262 261 262 263 261 262 263 260 261 262 263 264
262 263 263 264 265 266 267 261 262 263 264 265 266 267 263 264 265 266 267 264 265 266 266
264 265 260 261 262 263 264 265 266 267 268 264 265 266 267 268 269 270 267 268 269 270 267 268 269 270 271 267 268 269 270 271 267 268 269 270 271 266 267 268 269 270 271 266 267 268 269 270 271
251 252 253 254 255 253 254 255 254 254 253 254 255 249 250 251 252 253 254 255 256 257 250 251 252 253 254 255 256 257 258 253 254 255 256 257 258 255 256 257 258 259 257 258 259 260
262 261 262 263 264 263 264 265 263 264 265 266 267 265 266 267
254 253 251 252 252 253 254 252 253 254 255 256 253 254 255 256 257 254 255 256 257 256 257 256 257 256 257 258
252 253 251 252 253 247 248 249 250 251 252 253 254 255 248 249 250 251 252 253 254 255 256 250 251 252 253 254 255 256 252 253 254 255 256 254 255 256 255 256 257 258
249 249 249 249 250 251 252 248 249 250 251 252 253 251 252 253 251 252 251
251 251 251 251 251 246 247 248 250 251 252 253 246 247 248 250 251 252 253 254 255 256 250 251 252 253 254 255 256 251 252 253 254 255 256 257 253 254 255 256 257 256 257 256 257 255 256 257 258
245 245 245 244 245 246 247 248 245 246 247 248 249 250 247 248 249 250 247 248 249 250 251 247 248 249 250 251 249 250 251 251
260 261 259 260 261 262 263 261 262 263 264 265 263 264 265 263 264 263
260 262 262 263 264 262 263 264 265 267 268 264 265 267 268 269 267 268 269 266 265 266 267 267
258 259 260 258 259 260 258 259 260 261 262 259 261 262 259 260 261 264 265 259 265 266 267 268 269 261 265 267 264 265
242 241 242 243 244 241 242 243 240 241 242 243 240 241 242 243 244 245 239 240 241 242 243 244 245 246 247 244 245 246 247 248 247 248 249 247 248 249 247 248 249 250 246 247 248 249 250 248 249 250 251
259 259 259 258 259 257 258 259 260 261 262 259 260 261 262 263 264 265 266 260 261 262 263 264 265 266 262 263 264 265 266 262 263 264 265 262 263 264 262 263 261
247 247 247 247 248 249 250 242 243 244 245 246 247 248 249 250 251 252 245 246 247 248 249 250 251 252 247 248 249 250 251 252 253 249 250 251 252 253 252 253 252 253 250 251 252 253 254
241 242 243 244 245 246 242 243 244 245 246 242 243 244 245 243 244 245 243 244 245 244 245 246 247 248 249 246 247 248 249 250 251 248 249 250 251 248 249 250 251 249 250 251 251
238 237 238 239 240 237 238 239 240 241 236 237 238 239 240 236 237 238 239 240 235 236 237 238 239 240 241 242 243 244 236 237 238 239 240 241 242 243 244 245 238 239 240 241 242 243 244 245 240 241 242 243 244 242 243
245 246 245 246 247 248 249 250 242 243 244 245 246 247 248 249 250 251 244 245 246 247 248 249 250 251 247 248 249 250 251 247 248 249 250 247 248 249 247
242 243 244 245 241 242 243 244 245 246 247 248 249 242 243 244 245 246 247 248 249 244 245 246 247 248 249 246 247 248 247
236 237 238 239 240 241 242 238 239 240 241 242 239 240 241 242 241
235 234 235 234 235 234 235 236 237 233 234 235 236 237 238 233 234 235 236 237 238 239 240 232 233 234 235 236 237 238 239 240 241 242 243 244 233 234 235 236 237 238 239 240 241 242 235 236 237 238 239 237 238 239 239 239 239 240 241 239 240 241 242 243
232 232 233 234 233 234 235 236 233 234 235 236 234 235 236 237 238 239 240 241 242 235 236 237 238 239 240 241 242 243 236 237 238 239 240 241 242 243 237 238 239 240 241 242 243 238 239 240 241 242 240 241
242 243 244 245 246 242 243 244 241 242 243 244 241 242 243 244 245 241 242 243 244 245 246 247 240 241 242 243 244 245 246 247 248 249 243 244 245 246 247 248 249 250 247 248 249 250 250 251 250 251 249 250 251 252
237 238 235 236 237 238 239 238 239 240 241 240 241 242 240 241 242 240 241 242 243 242 243 244
243 244 245 245 245 242 243 244 245 246 247 248 249 243 244 245 246 247 248 249 250 245 246 247 248 249 250 246 247 248 249 250 248 249 250 250
238 238 239 240 238 239 240 241 237 238 239 240 241 237 238 239 240 241 242 243 244 239 240 241 242 243 244 245 246 247 248 241 242 243 244 245 246 242 243 244 245 246 247 244 245 246 247 246
231 231 232 233 231 232 231 232 230 231 232 233 234 230 231 232 233 234 235 236 231 232 233 234 235 236 237 233 234 235 236 237 234 235 236 237 238 236 237 238 238 239
246 245 246 247 245 246 247 248 249 246 247 248 249 248 249 249 249 250 249 250 248
233 232 233 232 233 233 233 234 232 233 234 235 236 237 238 239 233 234 235 236 237 234 235 235 234 234
232 231 232 238 239 233 235 236 237 238 239 235 236 237 238 239 236 237 238 239 236 237 238 239 235 236 237 238 239 235 236 237 238 239
239 240 241 235 236 237 238 239 240 241 242 243 244 236 237 238 239 240 241 242 243 239 240 241 242 241 242 243 244 242 243 244 242
239 240 240 241 241 242 243 241 242 243 244 242 243 244 245 246 244 245 246 247 245 246 247 247 248 247 248 247 248 249 247 248 246
242 242 242 242 242 239 240 241 242 243 244 245 239 240 241 242 243 244 245 246 247 248 249 241 242 243 244 245 246 247 242 243 244 245 244 245 246 244 245 246 247 248
228 229 230 231 232 229 230 231 232 230 231 232 230 231 232 233 234 231 232 233 234 235 236 237 238 239 233 234 235 236 237 238 239 240 234 235 236 237 238 239 240 234 235 236 237 238 239 240 235 236 237 238 239 237 238 239
242 242 243 244 245 242 243 244 245 246 247 243 244 245 246 247 245 246 247 248 245 246 247 248 245 246 247 248 245 246 247 248 244 245 246 247 248 249
219 220 221 214 215 216 217 218 219 220 221 222 223 224 217 218 219 220 221 222 223 224 219 220 221 222 223 224 221 222 223 224 221 222 223 224
218 218 219 220 218 219 220 219 220 221 222 219 220 221 222 223 219 220 221 222 223 224 225 221 222 223 224 225 226 223 224 225 226 227 224 225 226 227 226 227 228 226 227 228 226 227 228 229
206 206 207 208 209 210 205 206 207 208 209 210 211 205 206 207 208 209 210 205 206 207 208 209 210 204 205 206 207 208 209 210 211 212 213 214 215 216 217 207 208 209 210 211 212 213 214 215 211 212 212
224 225 225 226 227 228 229 224 225 226 227 228 229 230 227 228 229 230 227 228 229 230 227 228 229 230 226 227 228 229 230
226 226 226 226 226 227 228 229 224 225 226 227 228 229 230 231 226 227 228 229 230 231 227 228 229 230 231 229 230 231 231
226 227 228 229 230 231 227 228 229 230 231 227 228 229 230 228 229 230 228 229 230 229 230 231 232 233 231 232 233 234 233 234 233 234
220 219 220 221 222 219 220 221 222 218 219 220 221 222 218 219 220 221 222 223 224 217 218 219 220 221 222 223 224 225 226 227 228 229 219 220 221 222 223 224 225 226 227 223 224 225 225 224
226 225 226 227 228 225 226 227 228 224 225 226 227 228 224 225 226 227 228 229 223 224 225 226 227 228 229 230 231 232 233 228 229 230 231 232 233 234 231 232 233 234 231 233 234 235 231 235 230 231 232 232
215 215 216 217 216 217 218 219 216 217 218 219 217 218 219 220 221 222 223 224 225 218 219 220 221 222 223 224 225 226 219 220 221 222 223 224 225 226 220 221 222 223 224 225 226 221 222 223 224 225 226 223 224 225 226 225 226
216 217 218 217 218 217 218 215 216 217 218 219 220 216 217 218 219 218 219 220 220 219
230 229 230 227 228 229 230 231 232 233 228 229 230 231 232 233 234 230 231 232 233 234 231 232 233
212 211 212 210 211 212 211 212 212 212 207 208 209 210 211 212 213 214 215 216 207 208 209 210 211 212 213 214 215 216 217 210 211 212 213 214 215 216 217 212 213 214 215 216 217 214 215 216 217 217
228 229 230 231 230 231 232 233 234 235 227 228 229 230 231 232 233 234 235 236 229 230 231 232 233 234 230 231 232 232 232 232
208 209 210 211 212 213 208 209 210 211 212 213 207 208 209 210 211 212 207 208 209 210 211 212 207 208 209 210 211 212 206 207 208 209 210 211 212 213 214 215 216 208 209 210 211 212 213 214 215 216 217 218 210 211 212 213 214 215 216 217 218 212 213 214 215 216 217 218 219 214 215 216 217 218 219 216 217 218 219 218 219 218 219 220
219 218 219 220 221 218 219 220 221 222 217 218 219 220 221 217 218 219 220 221 216 217 218 219 220 221 222 223 224 225 221 222 223 224 225 226 227 224 225 226 227 224 225 226 227 224 225 226 227 223 224 225 226 227
225 226 227 228 229 226 227 228 229 230 227 228 229 227 228 229 228 229 230 231 232 233 230 231 232 233 234 235 231 232 233 234 235 233 234 233 234 235 232 233 234 235 236 233 234 235 236 237
217 218 213 214 215 216 217 218 219 220 214 215 216 217 218 219 220 221 218 219 220 221 221
217 217 218 219 212 213 214 215 216 217 218 219 220 221 222 223 212 213 214 215 216 217 218 219 220 221 222 223 224 214 215 216 217 218 219 220 221 222 216 217 218 219 220 218 219 220 219 220 221 222
225 225 226 227 228 229 224 225 226 227 228 224 225 226 227 228 224 225 226 227 228 229 230 223 224 225 226 227 228 229 230 231 232 226 227 228 229 230 231 230 231 231
220 220 221 219 220 221 222 222 223 222 223 224 222 223 224 222 223 224 225 221 222 223 221
204 205 206 203 204 205 206 207 208 204 205 206 207 208 205 206 207 207 207 207 208 206 207 208 209 210
203 200 201 202 203 204 205 203 204
210 207 208 209 210 206 207 208 209 210 208 209 210 210 210 210 205 206 207 208 209 210 211 212 213 214 205 206 207 208 209 210 211 212 213 214 215 207 208 209 210 211 212 213 214 215 211 212 213 214 215 212 213 214 215 213 214 215 215
200 201 202 202 202 201 202 203 204 202 203 204 205 203 204 205 206 205 205 206 207 205 206 207 205 206 207 208 204 205 206 207 208
203 204 203 204 202 203 204 198 199 200 201 202 203 204 205 206 207 208 199 200 201 202 203 204 205 206 201 202 203 204 205 203 204
207 204 205 206 207 202 203 204 205 206 207 202 203 204 205 206 207 202 203 204 205 206 207 203 204 205 206 207 203 204 205 206 207 203 204 205 206 207 208 205 206 207 208 207 208 209 209 208
193 191 192 193 194 195 196 194 195
204 203 204 201 202 203 204 201 202 203 201 202 203 201 202 203 200 201 202 203 200 201 202 203 204 205 206 207 208 209 210 202 203 204 205 206 207 208 209 210 211 204 205 206 207 208 209 207
202 202 203 204 203 204 205 206 203 204 205 206 204 205 206 207 208 209 206 207 208 209 210 211 212 213 207 208 209 210 211 212 213 209 210 211 212 213 209 210 211 212 209 210 211 209
200 199 197 197 198 196 197 198 199 200 196 197 198 199 200 201 202 197 198 199 200 201 202 203 199 200 201 202 203 200 201 202 203 202 202 203 204
213 210 211 212 208 209 210 209 210 209 210 210 211 212 210 211 212 213 214 211 212 213 214 215 216 217 218 219 212 213 214 215 216 217 218 219 220 213 214 215 216 217 218 214 215 216 215 216
198 199 200 201 202 199 200 201 202 203 200 201 202 203 200 201 202 203 201 202 203 204 205 206 202 203 204 205 206 207 203 204 205 205 206 207 204 205 206 207 204 205
206 201 202 203 204 205 206 207 202 203 204 205 206 207 208 209 206 207 208 209 210 209 210 209 210 211 209 210 211 209 210 211 212 208 209 210 211 212
200 199 197 196 196 195 196 197 198 195 196 197 198 199 200 194 195 196 197 198 199 200 201 202 199 200 201 202 203 202 203 202 203 204 202 203 204 201 202 203 204 205
195 192 193 194 195 192 193 194 195 194 195 195 195 195 197 194 199 200 201 194 201 202 196 197 198 198 199 200 201 200
208 208 209 210 208 209 210 211 207 208 209 210 211 207 208 209 210 211 212 213 214 215 208 209 210 211 212 213 214 215 216 210 211 212 213 214 215 216 211 212 213 214 215 216 217 213 214 215 216 217 215 216 217 217
213 212 213 211 212 213 211 212 213 213 210 211 212 213 214 215 211 212 213 214 215 216 213 214 215 216 216
193 194 195 193 193 193 194 192 193 194 195 196 192 193 194 195 196 197 198 196 197 198 199 198 199 198 199 200 199 200 201
213 213 213 213 213 212 213 214 215 212 213 214 215 213 214 215 215 216 217 214 215 216 217 214 215
195 194 195 193 194 193 194 193 194 193 194 195 189 190 191 192 193 194 195 196 197 190 191 192 193 194 195 196 197 198 192 193 194 195 196 197 198 199 194 195 196 197 198 199 196 197 198 199 200 198 199 200 200 201 200 201
194 195 193 194 195 196 197 198 199 200 201 195 196 197 198 199
183 183 184 185 183 184 185 186 182 183 184 185 186 182 183 184 185 186 187 188 189 190 191 192 186 187 188 189 190 191 192 193 188 189 190 191 192 193 188 189 190 191 192 193 188 189 190 191 192 188 189 190 191 187 188 189 187
174 175 176 177 178 176 177 178 177 178 178 178 177 178 179 180 178 179 180 181 179 180 181 182 181 182 181 182 183 180 181 182 183 181 182 183 184
183 180 181 182 183 179 180 181 182 183 181 182 183 182 183 183 184 185 182 183 184 185 186 185 186 185 186 187 185 186 187 184 185 186 187 188
190 189 190 188 189 190 188 189 190 190 190 185 186 187 188 189 190 191 192 185 186 187 188 189 190 191 192 193 187 188 189 190 191 192 193 194 189 190 191 192 193 194 191 192 193 194 195 191 192 193 194 195 193 194 195 196
172 173 174 175 176 177 172 173 174 175 176 177 171 172 173 174 175 176 177 171 172 173 174 175 176 177 171 172 173 174 175 176 177 170 171 172 173 174 175 176 177 178 176 177 178
193 192 193 192 193 192 193 194 195 191 192 193 194 195 196 191 192 193 194 195 196 197 198 190 191 192 193 194 195 196 197 198 199 200 201 202 192 193 194 195 196 197 198 199 200 201 202 203 196 197 198 199 200 201 199
190 189 190 191 189 190 191 190 193 194 192 193 194 195 196
178 178 178 177 178 179 180 181 177 178 179 180 181 182 178 179 180 181 182 180 181 180 181 180 181 182
183 182 183 184 185 183 184 185 186 185 186 185 186 185
187 187 187 187 187 188 189 190 186 187 188 189 190 191 192 187 188 189 190 191 192 188 189 190 191 192 190 191 192 190 191 192 190 191 192
185 184 185 186 187 184 185 186 187 183 184 185 186 187 183 184 185 186 187 188 182 183 184 185 186 187 188 189 190 191 192 183 184 185 186 187 188 189 190 191 192 193 186 187 188 189 190 191 192 193 188 189 190 191 192 193 194 190 191 192 193 194 193 194 193 194 192 193 194 195
188 189 190 191 188 189 190 191 188 189 190 191 188 189 190 191 187 188 189 190 191 187 188 189 190 191 192 193 189 190 191 192 193 194 195 196 191 192 193 194 195 196 194 195 196 197 194 195 196 197 194 195 196 197 194 195 196 197 193 194 195 196 197 198
190 191 192 193 189 190 191 192 193 189 190 191 192 193 188 189 190 191 192 193 188 189 190 191 192 193 187 188 189 190 191 192 193 194 188 189 190 191 192 193 194 195 196 190 191 192 193 194 195 196 197 192 193 194 195 196 197 194 195 196 197 198 194 195 196 197 198 196 197 198 199
183 184 181 182 183 184 185 186 184 185 186 187 186 187 186 187 188 187 188 189
196 196 197 198 199 195 196 197 198 199 200 201 196 197 198 199 200 201 198 199 200 201 202 200 201 202 200 201 202 199 200 201 202 203
181 182 183 177 178 179 180 181 182 183 184 185 186 179 180 181 182 183 184 185 186 187 188 189 190 183 184 185 186 187 188 189 190 186 187 188 189 190 186 187 188 189 190 185 186 187 188 189 190 186 187 188 189 190 190
177 174 175 176 177 173 174 175 176 177 175 176 177 176 177 174 175 176 177 178 179 180 181 174 175 176 177 178 179 180 181 182 176 177 178 179 180 181 182 177 178 179 180 181 182 183 179 180 181 182 183 181 182 183 183 183 184
190 190 191 192 189 190 191 192
188 189 190 189 190 190 191 192 190 191 192 191 192 195 195 196 196
174 173 174 171 172 173 174 171 172 173 174 171 172 173 174 171 172 173 174 170 171 172 173 174 170 171 172 173 174 175 171 172 173 174 175 176 177 173 174 175 176 177 178 174 175 176 177 178 176 177 178 179 178 179 180 180
168 167 168 167 168 168 168 169 167 168 169 170 171 172 173 174 167 168 169 170 171 172 173 174 175 168 169 170 171 172 173 174 175 169 170 171 172 173 174 175 171 172 173 174 171 172 173 171 172 173
160 161 162 163 164 165 161 162 163 164 165 161 162 163 164 165 162 163 164 165 162 163 164 165 163 164 165 166 165 166 167 168 167 168 167 168 167 167 166
171 171 170 166 167 168 169 170 171 172 173 174 166 167 168 169 170 171 172 173 174 175 176 168 169 170 171 172 173 174 175 176 170 171 172 173 174 175 176 172 173 174 175 176 174 175 176 175 176
174 175 176 177 174 175 176 177 174 175 176 175 176 175 176 175 176 177 178 179 180 177 178 179 180 181 179 180 181 179 180 179 179 178 178
164 165 166 167 168 169 165 166 167 168 169 165 166 167 168 166 167 168 166 167 168 167 168 169 170 171 172 168 169 170 171 169 170 170
169 170 169 170 171 172 170 171 172 173 174 170 171 172 173 174 170 171 172 173 174 175 176 177 178 171 172 173 174 175 176 177 178 173 174 175 176 177 178 174 175 176 177 176 176 177 178
161 162 163 162 163 164 165 163 164 165 166 163 164 165 166 167 168 164 165 166 167 168 169 170 171 172 165 166 167 168 169 170 171 172 173 166 167 168 169 170 171 167 168 169 169 169 168
174 175 176 170 171 172 173 174 175 176 177 178 171 172 173 174 175 176 177 178 179 173 174 175 176 177 178 179 180 175 176 177 178 179 180 177 178 179 180 181 179 180 181 181 182 181 182
170 171 171 171 166 167 168 169 170 171 172 173 174 175 166 167 168 169 170 171 172 173 169 170 171 172 171 172 173 174 172 173 174 172
176 175 176 177 178 175 176 177 178 174 175 176 177 178 174 175 176 177 178 179 173 174 175 176 177 178 179 180 181 182 183 178 179 180 181
167 168 169 170 171 168 169 170 171 172 169 170 171 172 169 170 171 172 170 171 172 173 174 175 171 172 173 174 175 176 177 178 179 172 173 174 175 176 177 178 179 173 174 175 176 177 178 179 175 176 177 178 179 177 178 179 178 179 178 179
176 177 178 179 176 177 178 179 176 177 178 176 177 178 175 176 177 178 175 176 177 178 179 180 181 182 177 178 179 180 181 182 183 184 179 180 181 182 183 184 182 183 184 185 182 183 184 185 182 183 184 185 182 183 184 185 181 182 183 184 185 186
172 172 173 174 171 172 173 174 171 172 173 174 175 171 172 173 174 175 170 171 172 173 174 175 179 172 173 174 179 180 179 180
156 157 158 159 160 158 159 160 159 159 159 160 157 158 159 160 161 162 157 158 159 160 161 162 163 159 160 161 162 163 160 161 162 163 164 162 163 164 164 165 164 165 163 164 165 166
175 174 175 173 174 175 173 174 175 175 175 170 171 172 173 174 175 176 177 174 175 176
163 164 165 166 159 160 161 162 163 164 161 162 163 162 163 164 163 164 165 166 163 164 165 166 167 168
178 179 179 178 179 180 181 176 177 178 179 180 181 182 183 184 185 178 179 180 181 182 183 179 180 180 181 182 180 181 182 180
166 167 168 162 163 164 165 166 167 168 169 170 171 164 165 166 167 168 169 170 168 169 170 170 169
168 169 164 165 166 167 168 169 170 171 172 169 170 171 172 173 172 173 172 173 172 172 171 171
144 143 144 143 144 144 144 141 142 143 144 145 146 147 148 142 143 144 145 146 147 148 144 145 146 147 148 145 146 147
148 149 150 151 152 153 148 149 150 151 152 153 148 149 150 151 152 149 150 151 152 149 150 151 152 149 150 151 152 153 154 155 153 154 155 156 155 156 157 155 156 157 155 156 157 158 154 155 156 157 158 156 157 158 159
153 153 154 155 151 152 157 158 159 160 161 158 159 160 161 162 158 159 160 161 162 159 160 161 162 159 160 161 162 160 161 162 158 159 160 161 162 162
152 149 150 151 152 147 148 149 150 151 152 147 148 149 150 151 152 146 147 148 149 150 151 152 146 147 148 149 150 151 152 146 147 148 149 150 151 152 145 146 147 148 149 150 151 152 153 148 149 150 151 152 153 152 153 153
143 143 144 145 142 143 144 145 146 147 148 149 150 144 145 146 147 148 149 150 151 145 146 147 148 149 150 151 147 148 149 150 151 147 148 149 150 151 147 148 149 150 151 147 148 146
149 150 151 152 153 154 149 150 151 152 153 154 148 149 150 151 152 153 148 149 150 151 152 153 148 149 150 151 152 153 147 148 149 150 151 152 153 154 155 156 157 158 159 160 149 150 151 152 153 154 155 156 157 158 159 160 161 151 152 153 154 155 156 157 158 159 160 161 153 154 155 156 157 158 159 160 161 155 156 157 158 159 160 161 157 158 159 160 161 159 160 161 160 161
161 161 162 163 161 162 163 164 162 163 164 164 165 164 165 164 165 166 164 165 163
138 139 139 140 140 141 142 140 141 142 143 141 142 143 144 145 142 143 144 145 146 143 144 145 146 147 144 145 146 147 146 147 148 148 148 149
148 149 148 149 146 147 148 149 150 151 149 150 151 152 151 152 153 151 152 153 151 152 153 154 150 151 152 153 154 152 153 154 155
147 148 149 150 146 147 148
147 147 147 147 147 148 149 150 151 152 153 146 147 148 149 150 151 147 148 148 148 148 149 150 150 151
152 152 153 154 152 153 154 153 154 153 154 155 156 153 154 155 156 157 158 159 160 161 155 156 157 158 159 160 161 162 156 157 158 159 160 161 162 158 159 160 161 162 158 159 160 161 162 157 158 159 160 161 162 158 159 160 161 162 162
163 162 163 164 165 166 167 168 169 163 164 165 166 167 168 169 170 164 165 166 167 168 169 170 164 165 166 167 168 169 170 165 166 167 168 169 170 167 168 169 170 169 170
157 158 153 154 155 156 157 158 159 160 154 155 156 157 158 159 158 159 159
161 162 163 164 163 164 165 166 167 168 157 158 159 160 161 162 163 164 165 166 167 168 169 160 161 162 163 164 165 166 167 168 169 162 163 164 165 166 167 168 169 164 165 166 167 168 169 167 168 169 167 168 169 165 166 167 168 169
139 139 140 141 140 141 142 143 140 141 142 143 141 142 143 144 145 142 143 144 143 144 144 145 146 144 145 146 147 144 145 146 147 148 149
147 146 147 146 147 147 147 144 145 146 147 148 149 150 151 146 147 148 149 150 151 152 149 150 151 152 149 150 151 152 153 149 150 151 152 153 149 150 151 152 153 148 149 150 151 152 153 148 149 150 151 152 153 154
162 157 158 159 160 161 162 163 164 165 158 159 160 161 162 163 164 165 166 167 168 169 162 163 164 165 166 167 168 169 165 166 167 168 169 167 168 169 165 166 167 168 169 165 166 167 168 169 169
145 145 146 147 148 149 145 146 147 148 149 150 146 147 148 149 146 147 148 149 146 147 148 149 150 151 152 153 148 149 150 151 152 153 154 155 150 151 152 153 154 155 151 152 153 154 155 156 152 153 154 155 156 154 155 156 156
146 146 147 148 147 148 149 147 148 149 150 151 151 152 151 152 151 152
129 130 129 130 131 132 130 131 132 133 134 130 131 132 133 134 130 131 132 133 134 135 136 132 133 134 135 136 137 134 135 136 137 138 135 136 137 138 136 137 138 139 138 139 140
136 137 138 135 136 137 138 139 140 138 139 140 138 139 138 138 137
136 137 137 138 139 140 141 136 137 138 139 140 141 142 137 138 139 140 141 142 138 139 140 141 142 140 141 142 142
141 142 142 142 142 143 144 141 142 143 144 145 146 142 143 144 145 146 143 144 145 144 145
127 128 129 130 131 129 130 131 131 131 129 130 131 125 126 127 128 129 130 131 132 133 134 135 126 127 128 129 130 131 132 133 134 135 136 128 129 130 131 132 133 134 135 136 130 131 132 133 134 135 136 132 133 134 135 136 134 135 136 136
126 126 127 128 126 127 128 129 130 127 128 129 130 131 127 128 129 130 131 132 133 127 128 129 130 131 132 133 134 135 136 137 128 129 130 131 132 133 134 135 136 137 138 130 131 132 133 134 135 136 137 138 131 132 133 134 135 136 137 138 133 134 135 136 137 138 135 136 137 138 137 138 137 138
144 145 145 146 146 146 143 144 145 146 147 148 146 147 148 149 148 149 148 149 148
129 130 129 130 131 132 128 129 130 131 132 133 128 129 130 131 132 133 127 128 129 130 131 132 133 134 135 132 133 134 135
133 133 134 135 134 135 136 134 135 136 134 135 136 137 138 139 140 135 136 137 138 136 137 137
132 131 132 130 131 132 130 131 132 132 133 134 129 130 131 132 133 134 135 131 132 133 134 135 136 132 133 134 135 136 134 135 136 137 136 137 138
138 138 139 140 138 139 140 138 139 140 137 138 139 140 141 142 137 138 139 140 141 142 143 144 145 146 147 141 142 143 144 145 146 147 148 143 144 145 146 147 148 143 144 145 146 147 148 144 145 146 147 146
129 129 130 131 129 130 131 130 131 132 133 130 131 132 133 134 130 131 132 133 134 135 136 131 132 133 134 135 133 134 135 134 135 135 135 136 137 138
129 129 130 131 132 128 129 130 131 132 134 128 129 130 131 132 133 134 128 129 130 131 132 133 134 127 128 129 130 131 132 133 134 135 136 137 138 129 130 131 132 133 134 135 136 137 138 139 132 133 134 135 136 137 138 139 134 135 136 137 138 139 140 136 137 138 139 140 138 139 140 140
133 134 133 134 133 134 135 136 132 133 134 135 136 137 132 133 134 135 136 137 138 139 131 132 133 134 135 136 137 138 139 140 141 142 143 132 133 134 135 136 137 138 139 140 141 142 143 144 134 135 136 137 138 139 140 141 142 143 144 136 137 138 139 140 141 142 143 144 138 139 140 141 142 143 144 140 141 142 143 144 142 143 144 144
136 136 136 135 136 135 136 137 138 139 137 138 139 140 141 142 143 138 139 140 141
131 132 127 128 129 130 131 132 133 134 131 132 133 134 135 134 135 134 135 136 133 134 135 136 134 135 136 137
138 137 138 135 136 137 138 139 140 141 136 137 138 139 140 138 139 139 140 141 139 140 141 142 139 140
144 145 146 139 140 141 142 143 144 145 146 147 142 143 144 145 146 147 144 145 146 147 148 146 147 148 146 147 148 149
144 143 144 145 146 147 145 146 147 148 147 148 148
130 130 131 132 133 129 130 131 132
122 123 123 124 125 122 123 124 125 126 122 123 124 125 126 127 128 124 125 126 127 128 129 126 127 128 129 127 128 129 130 129 130 131
124 125 124 125 126 127 123 124 125 126 127 128 123 124 125 126 127 128 122 123 124 125 126 127 128 129 130 131 132 133 134 123 124 125 126 127 128 129 130 131 132 133 134 135 125 126 127 128 129 130 131 132 133 134 135 127 128 129 130 131 132 133 134 135 129 130 131 132 133 134 129 130 131 132 133 131 132 133
112 113 114 115 111 112 113 114 115 111 112 113 114 115 110 111 112 113 114 115 110 111 112 113 114 115 109 110 111 112 113 114 115 116 117 118 114 115 116 117 118 119 120 121 122 117 118 119 120 121 122 117 118 119 120 121 122 117 118 119 120 121 122 117 118 119 120 121 122 116 117 118 119 120 121 122 116 117 118 119 120 121 122
111 111 112 113 112 113 114 112 113 114 115 112 113 114 115 116 117 118 119 120 113 114 115 116 117 118 119 120 121 114 115 116 117 118 119 120 121 116 117 118 119 120 121 118 119 120 121 119 120 121 119 120 121 117 118 119 120 121
113 112 113 110 111 112 113 114 111 112 113 114 113 114 114 114 114 115 116
115 115 116 117 118 119 114 115 116 117 118 119 120 114 115 116 117 118 119 120 115 116 117 118 119 120 121 122 115 116 117 118 119 120 121 122 123 124 125 126 119 120 121 122 123 124 125 126 127 122 123 124 125 122 123 122
109 110 107 108 109 110 111 112 113 114 115 116 108 109 110 111 112 113 114 115 116 117 110 111 112 113 114 115 116 117 111 112 113 114 115 116 117 113 114 115 116 115
117 117 118 115 116 117 118 119 120 117 118 119 120 118 119 120 121 120 121 122
120 117 118 119 120 115 116 117 118 119 120 115 116 117 118 119 120 115 116 117 118 119 120 116 117 118 119 120 116 117 118 119 120 116 117 118 119 120 121 118 119 120 121 120 121 121
105 106 105 106 105 106 104 105 106 107 108 104 105 106 107 108 109 103 104 105 106 107 108 109 110 111 104 105 106 107 108 109 110 111 112 107 108 109 110 111 112 113 109 110 111 112 113 111 112 113 114 114 114 115 112 113 114 115
123 124 125 126 127 124 125 124 125 125 126 127 125 126 127 128 126 127 128 129 130 131 128 129 130
120 120 115 116 117 118 119 120 121 115 116 117 118 119 120 121 122 123 118 119 120 121 122 123 124 120 121 122 123 124 122 123 124 125 125 125 126 124 125 126
117 114 115 116 117 112 113 114 115 116 117 112 113 114 115 116 117 112 113 114 115 116 117 113 114 115 116 117 113 114 115 116 117 113 114 115 116 117 118 117 118 119 120 119 120 119 120
109 109 109 109 109 104 105 106 107 108 109 110 111 105 106 107 108 109 110 111 112 113 114 109 110 111 112 113 114 112 113 114 112 113 114 111 112 113 114
124 121 122 123 124 120 121 122 123 124 122 123 123 123 123 124 122 123 124 125 126 124 125 126 127 126 127 126 127 128 127 128 129
125 126 127 128 124 125 126 127 128 124 125 126 127 128 123 124 125 126 127 128 123 124 125 126 127 128 122 123 124 125 126 127 128 129 130 131 127 128 129 130 131 132
116 117 118 118 118 115 116 117 118 119 120 118 119 120 121 120 121 122 120 121 122 120 121 122 123 119 120 121 122 123 121 122 123 124
110 110 110 109 107 108 109 110 111 112 108 109 110 111 112 113 110 111 112 113 114 111 112 113 114 112 113 114 115 114 115 116
117 118 117 118 119 120 117 118 119 120 121 116 117 118 119 120 121 116 117 118 119 120 121 122 123 115 116 117 118 119 120 121 122 123 124 125 126 127 117 118 119 120 121 122 123 124 125 126 127 128 121 122 123 124 125 126 127 128 122 123 124 125 126 127 128 123 124 125 126 127 128 125 126 127 128 127 128
112 111 112 110 111 112 113 114 115 116 111 112 113 114 115 116 117 112 113 114 115 116 117 113 114 115 116 117 115 116 117 117 117 116 117 118
107 108 103 104 105 106 107 108 109 110 111 104 105 106 107 108 109 110 106 107 108 109 110 108 109 110 110 110 110 111 112 110 111 112 113 114
104 104 105 106 104 105 106 107 104 105 106 103 104 105 106 103 104 105 106 107 108 109 104 105 106 107 108 106 107 108 107
94 94 95 96 97 98 94 95 96 97 98 99 95 96 97 98 99 95 96 97 98 99 95 96 97 98 99 100 96 97 98 99 100 101 102 98 99 100 101 102 103 99 100 101 102 103 101 102 103 104 103 104 105 105
107 104 105 106 102 103 104 102 103 104 101 102 103 104 101 102 103 104 105 106 101 102 103 104 105 106 107 100 101 102 103 104 105 106 107 108 109 110 111 106 107 108 109 110 111 112 109 110 111 112 109 110 111 112 113 109 110 111 112 113 108 109 110 111 112 113 110 111 112 113 114
110 110 111 112 113 114 115 104 105 106 108 109 110 111 112 113 114 115 116 107 108 109 110 111 112 113 114 115 116 108 109 110 111 112 113 114 115 116 110 111 112 113 114 115 110 111 112 113 114 112 113 114
92 92 93 94 95 92 93 94 95 97 93 94 95 96 97 93 94 95 96 97 93 94 95 96 97 98 99 100 101 97 98 99 100 101 102 99 100 101 102 99 100 101 102 103 99 100 101 102 103 98 99 100 101 102 103 100 101 102 103 104
111 110 111 108 109 110 111 107 108 109 110 111 107 108 109 110 111 106 107 108 109 110 111 106 107 108 109 110 111 105 106 107 108 109 110 111 112 110 111 112 113 114 113 114 113 114 115 113 114 115 113 114 115 116 112 113 114 115 112 113
98 99 97 98 99 100 101 99 100 101 102 103 104 100 101 102 103 104 102 103 104 102 103 104 101 102 103 104
104 105 100 101 102 103 104 105 106 107 108 109 110 111 112 102 103 104 105 106 107 108 109 110 111 112 113 106 107 108 109 110 111 112 113 109 110 111 112 113 109 110 111 112 113 108 109 110 111 112 113 109 110 111 112 113 113
97 96 97 98 97 98 99 100 99 100 101 99 100 101 99 100 101 102 101 102
112 112 112 107 108 109 110 111 112 113 107 108 109 110 111 112 113 114 115 109 110 111 112 113 114 115 111 112 113 114 115 116 113 114 115 116 115 116 117 115 116 117 115 116 117
92 93 94 95 94 95 95 95 94 95 96 97 92 93 94 95 96 97 98 99 100 101 93 94 95 96 97 98 99 100 101 102 95 96 97 98 99 100 101 102 98 99 100 101 102 98 99 100 101 102 98 99 100 101 102 98 99 100 101 102 97 98 99 100 101 102
106 105 106 104 105 105 105 105 106 107 104 105 106 107 108 109 110 111 112 106 107 108 109 110 111 112 113 108 109 110 111 112 113 108 109 110 111 112 113 108 109 110 111 112 113 110 111 112 113 112 113
92 93 94 95 92 93 94 95 92 93 94 92 93 94 91 92 93 94 91 92 93 94 95 96 97 93 94 95 96 97 98 95 96 97 98 99 96 97 98 99 98 99 100 98 99 100 98 99 100 101
108 107 108 105 106 107 108 109 110 108 109 110 111 112 113 110 111 112 113 110 111 112 113 114 110 111 112 113 114 110 111 112 113 114 109 110 111 112 113 114 109 110 111 112 113 114 115
104 105 106 100 101 102 103 104 105 106 107 108 101 102 103 104 105 106 107 108 109 110 111 103 104 105 106 107 108 109 110 111 105 106 107 108 109 110 111 107 108 109 110 111 107 108 109 110 111 109 110 111
94 95 93 94 95 96 97 94 95 96 97 98 95 96 97 98 99 96 97 98 99 98 99 100 100 101 101
108 107 108 106 107 107 107 106 107 108 102 103 104 105 106 107 108 109 110 111 112 104 105 106 107 108 109 111 112 113 108 109 111 112 113 109 111 112 113 111 112 113 113
97 97 98 99 95 96 97 98 99 100 101 97 98 99 100 101 100
112 109 110 111 112 113 114 118 112 113 114 115 116 118 119 114 115 116 118 119 114 115 119 114 115 116 117 118 114 115 116 117 113 114 115 116 113 114
79 79 80 81 79 80 81 82 79 80 81 82 78 79 80 81 82 78 79 80 81 82 83 80 81 82 83 82 83 83
79 78 79 76 77 78 79 80 81 82 83 84 85 77 78 79 80 81 82 83 84 85 86 79 80 81 82 83 84 80 81 82 82 82 82 83 81
85 82 83 84 80 81 82 80 81 82 79 80 81 82 79 80 81 82 83 84 79 80 81 82 83 84 85 86 78 79 80 81 82 83 84 85 86 87 88 89 90 91 84 85 86 87 88 89 90 91 92 87 88 89 90 91 92 87 88 89 90 91 92 87 88 89 90 91 92 86 87 88 89 90 91 92 88 89 90 91 92 92
88 89 90 91 92 93 88 89 90 91 92 93 87 88 89 90 91 92 87 88 89 90 91 92 87 88 89 90 91 92 86 87 88 89 90 91 92 93 94 88 89 90 91 92 93 94 90 91 92 93 94 95 92 93 94 95 96 94 95 96 95 96 97 98
93 94 95 96 95 96 97 98 99 100 94 95 96 97 98 99 100 101 96 97 98 99 96 97 96 96 95 95
86 85 86 84 85 85 85 85 86 87 84 85 86 87 88 89 90 91 92 85 86 87 88 89 90 86 87 87
75 76 77 78 79 77 78 79 78 79 79 79 76 77 78 79 80 81 79 80 81 82 81 82 81 82 81 81 80 80
92 91 92 90 91 91 91 92 89 90 91 92 93 94 90 91 92 93 92 93 93
75 76 75 76 77 78 76 77 78 79 80 76 77 78 79 80 76 77 78 79 80 81 82 77 78 79 80 81 82 83 79 80 81 82 83 80 81 82 83 84 82 83 84 84 85 84 85 83 84 85 86
77 77 78 79 76 77 78 79 80 81 76 77 78 79 80 81 82 76 77 78 79 80 81 82 83 84 75 76 77 78 79 80 81 82 83 84 85 86 87 88 78 79 80 81 82 83 84 85 86 87 88 89 82 83 84 85 86 87 85
72 72 73 74 72 73 74 72 73 74 71 72 73 74 75 76 71 72 73 74 75 76 77 78 79 80 81 75 76 77 78 79
80 79 80 78 79 80 80 80 79 80 81 82 80 81 82 83 81 82 83 83
86 85 86 87 86 87 88 89 85 86 87 88 89 85 86 87 88 89 90 91 92 93 86 87 88 89 90 91 92 93 88 89 90 91 92 93 89 90 91 92 91 92 93 91 92 93 94
84 81 82 83 84 81 82 83 84 83 84 84 85 86 85 86 87 88 89 90 83 84 85 86 87 88 89 90 91 84 85 86 87 88 89 90 91 86 87 88 89 90 91 88 89 90 91 88 89 90 91 87 88 89 90
82 79 80 81 82 83 84 85 86 80 81 82 83 84 85 86 87 82 83 84 85 86 87 83 85 86 87 85 86 87 87
87 88 89 82 83 84 85 86 87 88 89 90 91 92 85 86 87 88 89 90 91 92 87 88 89 90 91 92 93 89 90 91 92 93 89 90 91 92 93 90 91 92 93 94
82 83 84 85 86 84 85 86 85 86 86 86 85 86 87 88 86 87 87 88
75 76 76 76 77 75 76 77 78 79 80 81 82 76 77 78 79 80 81 82 83 77 78 79 80 81 82 83 79 80 81 82 83 79 80 81 82 83 79 80 81 82 83 79 80 81 82 83 78 79 80 81 82 83
88 87 88 87 88 88 89 89 90 91 92 93 94 87 88 89 90 91 92 93 94 95 88 89 90 91 92 93 94 95 90 91 92 93 94 92 93 94 92 93
91 91 92 93 91 92 93 94 91 92 93 94 90 91 92 93 94 95 96 90 91 92 93 94 95 96 97 98 99 100 92 93 94 95 96 97 98 94 95 95 96 97 95 96 97 98 95 96
57 58 56 57 58 59 60 56 57 58 59 60 61 62 56 57 58 59 60 61 62 55 56 57 58 59 60 61 62 63 64 65 66 58 59 60 61 62 63 64 65 66 67 62 63 64 65 66 67 65 66 67 65 66 67 64 65 66 67
61 61 62 63 61 62 63 64 62 63 64 62 63 64 65 66 62 63 64 65 66 67 68 69 70 63 64 65 66 67 68 69 70 71 64 65 66 67 68 69 65 66 67 66 67 66 67 67 68
58 57 55 55 55 55 56 57 54 55 56 57 58 54 55 56 57 58 59 60 61 62 55 56 57 58 59 60 61 62 57 58 59 60 61 62 58 59 60 61 60 61 62 60 61 62 63 64
59 59 60 61 62 59 60 61 62 63 64 60 61 62 63 64 62 63 64 62 63 64 62 63 64 62
60 61 62 63 58 59 60 61 62 63 64 65 66 67 60 61 62 63 64 65 61 62 63
55 55 55 56 57 56 57 58 56 57 58 59 60 56 57 58 59 60 61 62 63 64 57 58 59 60 61 62 63 64 65 58 59 60 61 62 63 64 65 59 60 61 62 63 64 65 60 61 62 63 64 65 62 63 64 65 64 65
75 75 75 75 76 77 78 75 76 77 78 79
72 73 74 75 72 73 74 75 76 73 74 75
65 64 63 64 65 66 67 68 65 66 67 68 69 70 67 68 69 70 67 68 69 70 71 67 68 69 70 71 67 68 69 70 71 66 67 68 69 70 71 66 67 68 69 70 71 72
63 60 61 62 63 58 59 60 61 62 63 59 60 61 62 63 59 60 61 62 63 60 61 62 63 60 61 62 63 61 62 63 65 66 65 66 64 65 66 66
78 77 78 76 77 78 76 77 78 78 78 80 79 80 81 79
74 75 76 77 73 74 75 76 77 73 74 75 76 72 73 74 75 76 72 73 74 75 76 71 72 73 74 75 76 77 78 79 72 73 74 75 76 77 78 75 76 77 78 77 78 79 80 78 79 80 78
62 63 64 65 66 64 65 66 65 66 66 67 68 65 66 67 68 69 66 67 68 69 68 69 69 69 70 69
73 74 72 73 74 75 76 77 73 74 75 76 77 78 79 74 75 76 77 78 79 76 77 78 79 78 79
64 63 64 63 63 63 64 62 63 64 65 66 67 68 64 65 66 65 66 66 65
71 71 72 73 70 71 72 73 74 75 76 77 78 71 72 73 74 75 76 72 73 73
63 60 61 62 63 58 59 60 61 62 63 58 59 60 61 62 63 57 58 59 60 61 62 63 57 58 59 60 61 62 63 57 58 59 60 61 62 63 56 57 58 59 60 61 62 63 64 65 66 62 63 64 65 66 67 68 69 70 65 66 67 68 69 70 65 66 67 68 69 70 66 67 68 69 68
70 69 70 67 68 69 70 67 68 69 67 68 69 67 68 69 66 67 68 69 66 67 68 69 70 71 72 73 74 75 76 68 69 70 71 72 73 74 75 76 77 71 72 73 74 75 71 72 73 73
60 60 60 60 59 60 57 58 59 60 61 62 58 59 60 61 62 63 64 65 60 61 62 63 64 65 61 62 63 64 65 63 64 65 65
74 75 76 77 76 77 78 79 80 81 75 76 77 78 79

57 58 57 58 59 60 56 57 58 59 56 57 58 59 60 55 56 57 58 59 60 56 57 58 59 60 58 59 60 61 65 60 61
47 48 46 47 48 47 48 48
59 60 56 57 58 59 60 61 63 64 65 56 57 58 59 60 61 62 63 64 65 66 58 59 60 61 62 63 64 59 60 61 62 61 62 63 61 62 63 64 65
59 60 61 55 56 57 58 59 60 61 62 63 56 57 58 60 61 62 63 64 65 58 60 61 62 63 64 65 63 64
57 57 58 59 57 58 57 58 56 57 58 59 60 56 57 58 59 60 61 62 57 58 59 60 61 62 63 59 60 61 62 63 64 60 61 62 63 64 62 63 64 65 64 65 64 65 66
61 58 59 60 61 58 59 60 61 60 61 61 62 63 62 63 64 65 66 67 60 61 62 63 64 65 66 67 68 63 64 65 66 63 64
57 57 57 57 55 56 57 51 52 53 54 55 56 57 58 59 52 53 54 55 56 57 58 59 60 61 62 55 56 57 58 59 60 61 62 57 58 59 60 61 62 63 59 60 61 62 63 61 62 63 63
46 45 46 44 45 46 47 46 47
50 51 50 51 52 53 51 52 53 54 55 51 52 53 54 55 51 52 53 54 55 56 57 53 54 55 56 55 56 56
40 40 41 42 40 41 42 43 44 41 42 43 44 45 41 42 43 44 45 46 47 41 42 43 44 45 46 47 48 49 50 51 43 44 45 46 47 48 49 45 46 46 46 46 47 48
43 44 44 44 44 45 46 43 44 45 46 47 43 44 45 46 47 48 49 47 48 49 50 49 50 51 49 50 51 49 50 51 52 49 50 51 52 48 49 50 51 52 53 48 49 50 51 52 53
48 47 48 46 47 48 49 50 51 48 49 50 51 52 53 54 55 50 51 52 53 54 55 50 51 52 53 54 55 50 51 52 53 54 55 49 50 51 52 53 54 55 51 52 53 54 55 55
59 60 59 60 61 55 56 57 58 59 60 61 62 63 57 58 59 60 61 62 63 64 61 62 63 64 64
46 46 46 46 46 45 46 47 48 49 45 46 47 48 49 50 46 47 47
44 43 44 43 43 42 43 44 38 39 40 41 42 43 44 45 46 47 48 39 40 41 42 43 44 45 46 42 43 44 45 44 45 46 47 45 46 47 45
50 51 52 53 52 53 54 55 56 57 50 51 52 53 54 55 56 57 58 53 54 55 56 57 58 53 54 55 56 57 58 53 54 55 56 57 58 55 56 57 58 57 58
48 48 48 48 49 50 51 52 53 54 47 48 49 50 51 52
52 51 52 51 52 52 53 54 55 56 49 50 51 52 53 54 55 56 57 51 52 53 54 55 56 57 52 53 54 55 56 54 55 56 57 56 57 56 57 56 57 58
57 56 57 56 57 57 58 58 59 60 61 62 63 55 56 57 58 59 60 61 62 63 64 57 58 59 60 61 62 58 59 60 60 60 60 61 59
38 37 38 39 40 41 38 39 40
32 33 34 35 26 27 28 29 30 31 32 33 34 35 36 29 30 31 32 33 34 35 36 31 32 33 34 35 36 33 34 35 36 33 34 35 36
24 25 26 25 26 27 28 26 27 28 29 26 27 28 29 30 31 27 28 29 30 31 32 33 34 35 28 29 30 31 32 33 34 35 36 29 30 31 32 33 34 35 36 31 32 33 34 35 36 33 34 35 36 33 34 35 36 32 33 34 35 36 36
33 34 35 36 32 33 34 35 36 32 33 34 35 36 32 33 34 35 36 36 37 37 38 39 37 38 39 37 38 39 40 37 38 39 40 39 40 41 41
31 31 31 31 31 30 31 32 33 30 31 32 33 34 35 36 31 32 33 34 35 36 33 34 35 36 37 35 36 37 35 36 37 34 35 36 37 38
33 34 35 36 35 36 36 36 35 36 37 38 33 34 35 36 37 38 39 40 41 42 34 35 36 37 38 39 40 41 42 43 36 37 38 39 40 41 42 43 39 40 41 42 43 39 40 41 42 38 39 40 41
38 39 40 41 42 43 38 39 40 41 42 43 37 38 39 40 41 42 43 37 38 39 40 41 42 43 37 38 39 40 41 42 43 37 38 39 40 41 42 43 44 45 46 38 39 40 41 42 43 44 45 46 47 48 49 50 41 42 43 44 45 46 47 48 49 50 43 44 45 46 47 48 49 50 45 46 47 48 49 50 48 49 50 48 49 50 47 48 49 50
41 40 41 36 37 38 39 40 41 42 43 37 38 39 40 41 42 43 44 41 42 43 44 44 45 44 45 44 45 46 44 45
44 44 45 46 47 41 42 43 44 45 46 47 48 49 50 51 43 44 45 46 47 48 49 44 45 47 48 46 47 48 49 50
35 36 37 38 39 40 36 37 38 39 40 36 37 38 39 37 38 39 37 38 39 38 39 40 41 42 40 41 42 43 42 43 42 43 42 42 41 41
26 27 22 23 24 25 26 27 28 29 30 22 23 24 25 26 27 28 29 25 26 27 28 27 28 29 30 28 29 30 31 28 29
26 26 26 26 26 27 28 25 26 27
32 31 32 30 31 32 30 31 32 32 32 27 28 29 30 31 32 33 34 28 29 30 31 32 33 34 35 32 33 34 35 35
25 25 26 27 25 26 27 28 27 28 27 28 29 27 28 29 27 28 29 30 26 27 28 29 26 27
28 29 29 29 30 28 29 30 31 32 33 34 35 29 30 31 32 33 34 35 36 31 32 33 34 31 32 31 31 30 30
41 46 47 43 46 47 48 45 46 47 48 45 48 48 44 46 47 48
25 24 25 22 23 24 25 26 27 28 29 30 31 23 24 25 26 27 28 29 30 31 32 25 26 27 28 29 30 31 32 28 29 30 31 32 28 29 30 31 27 28 29 30
28 25 26 27 23 24 25 24 25 24 25 25 26 27 25 26 27 28 26 27 28 29 30 31 32 27 28 29 30 31 32 33 28 29 30 31 32 33 29 30 31 32 33 30 31 32 33 32 33
22 23 24 25 26 27 28 21 22 23 24 25 26 27 28 29 23 24 25 26 27 28 29 24 25 26 27 28 29 26 27 28 29 28 29 28 29 28 29 30
26 27 28 29 26 27 28 29 26 27 28 26 27 28 25 26 27 28 25 26 27 28 29 30 31 32 26 27 28 29 30 31 32 33 28 29 30 31 32 33 29 30 31 32 31 32 33 31 32 33 34 35