443 444 444 444 444 445 445 445 445 445 446 446 446 446 447 447 447 448
435 435 435 435 436 436 437 438 439 439 439 440 440 440 440 440 440 440 440 441 441 441 441 441 441 441 441 442 442 442 442 443 443 444 445 446 447
410 410 410 410 411 411 411 411 411 412 412 412 412 413 413 413 413 413 414 414 414 414 414 415 415 415 415 415 415 415 415 415 415 416 416 416 416 416 416 416 416 416 416 417 417 417 417 417 417 418 418 418 419 419 419 420 420 420 420
400 401 401 401 402 402 402 402 402 402 402 402 402 403 403 403 403 403 403 403 403 404 404 404 404 404 405 405 405
380 381 382 382 383 383 383 383 383 383 383 383 383 384 384 384 384 384 384 384 385 385 385 385 385 386 386 387 387 388
362 363 363 363 364 364 364 364 365 365 365 365 366 366 366 366 366 367 367 367 367 367 368 368 368 368 369 369 369 369 370 370 371 371 371 372 372 372
342 343 343 343 343 344 344 344 344 344 344 345 345 345 345 345 346 346 346 346 346 346 347 347 347 347 347 347 348 348 348 348 348 348 349 349 349 349 349 349 349 349 349 349 349 350 350 350 350 350 350 350 350 351 351 351 351 351 352 352
316 317 318 319 319 319 319 320 320 320 320 320 320 320 321 321 321 321 321 321 322 322 322 322 322 323 323 323 324 324 324 325 325 325
297 298 298 298 299 299 299 300 300 300 301 301 301 301 301 301 302 302 302 302 302 302 302 303 303 303 303 303 303 304 304 304 304 304 305 305 305 306 306 306 307 307 307 307 308
288 289 290 291 292 293 293 293 293 293 293 294 294 294 294 294 294 294 294 295 295 295 295 296 296 297 298
279 280 280 281 281 281 281 282 282 282 282 283 283 283 283 283 283 284 284 284 284 284 284 284 284 284 285 285 285 285 285 285 285 285 286 286 286 286 287 287 288 289 290
265 266 266 266 266 266 267 267
244 245 245 246 246 246 246 246 246 247 247 247 247 248 248 248 248 249 249 250
227 227 228 229 230 230 230 231 231 231 231 231 232 232 232 232 232 232 232 233 233 233 233 233 233 234 234 234 234 235 235 236 236 237 237 237 238 238 239
196 197 197 197 197 198 198 198 198 198 199 199 199 200 200 201 203 203 204 204 204 204 204 204 205 205 205 205 206 206 206 206 207 207 208
185 186 186 187 187 187 187 187 187 187 188 188 188 188 188 188 189 189 189 190 190 191 192 192 193 193
166 166 166 166 167 167 168 169 170 170 170 171 171 171 171 171 171 171 171 171 171 171 171 172 172 172 172 172 172
163 164 165 165 165 165 166 166 166 166 166 166
145 146 147 147 148 148 148 148 149 149 149 150 150 150 150 151 151 152
117 117 117 117 117 118 118 118 119 119 119 120 120 120 120 121 121 121 121 121 122 122 122 122 122 122 122 122 122 123 123 123 123 123 124 124 124 125 125
437 437 438 438 438 438 439 439 439 439 439 440 440 440 440 440 441 441 441 441 441 441 441 442 442 442 442 442 442 443 443 443 443 444
422 422 423 423 423 423 424 424 424 424 424 425 425 425 425 425 425 426 426 426 426 426 426 426 426 426 426 426 427 427 427 427 427 427 427 427 428 428 428 428 429 429
419 419 420 420 420 420 420 421 421 421 421 421 421 421 422 422 422 422 422 423 423 423 423 423 423 424
380 381 381 381 381 382 382 382 382 382 383 383 383 384 385 386 387 387 387 387 387 387 387 387 388 388 388 388 388 388 388 388 389 389 389 389 389 389 390 390 390 390 390 390 391 391 391 391 392 392 392 392 393 393 393 393 394
374 375 376 377 377 377 377 377 378 378 378 378 378 378 378 378 378 378 378 378 378 379 379 379 379 379 379 379 379 379 379 379 379 379 380 380 380 380 380 380 380 380 380 380 381 381 381 381 381 381 381 381 382 382 382 382 382 382 383 384
356 357 357 357 357 357 358 358 358 358 359 359 359 360 360 360 360 360 361 361 361 361 361 361 361 362 362 362 362 362 363 363 363 364 364 366 367 367 367 367 368 368 368 368 368 368
345 346 346 346 346 347 347 347 347 347 348 348 348 348 348 349 349 349 349 349 350 350 350 350 350 350 350 350 350 351 351 351 351 351 351 351 351 351 351 352 352 352 352 352 352 352 352 352 353 353 353 353 353 353 353 353 354 354 354 354 354 354 355 355 355 355 356 356
334 334 335 335 335 335 336 336 336 336 336 337 337 337 337 337 338 338 338 338 338 338 339 339 339 339 340 340 341
319 320 320 321 321 321 321 321 321 321 321 322 322 322 322 322 322 322 322 322 323 323 323 323 323 323 324 324 324 324 324 325 325 325 326
282 283 283 283 284 284 284 284 285 285 285 285 286 286 286 286 286 286 287 287 287 287 287 287 287 287 288 288 288 288 288 288 288 289 289 289 289 289 289 290 290 290 290 291 291 291 292 292 292 293
267 268 269 269 269 269 269 269 270 270 270 270 270 270 270 270 270 270 270 271 271 271 271 271 271 271 271 271 272 272 272 272 272 272 272 272 273 273 273 273 273 273 274 274 274 274 275 275 276 276
245 246 246 247 247 247 248 248 248 249 250 251 251 251 251 251 251 251 251 252 252 252 252 252 252 252 252 252 253 253 253 253 253 253 253 253 254 254 254 254 254 254 255 255 255 255 255 256 256 256 257 257 258 258
236 237 237 237 237 238 238 238 238 238 239 239 239 239 239 240 240 240 240 240 241 241 241 241 241 241 241 241 241 242 242 242 242 242 242 242 242 242 243 243 243 243 243 243 243 244 244 244 244 244 244 245 245 245 246 246 247 247 248 248
221 224 225 225 225 225 225 225 225 225 225 226 226 226 226 226 226 226 226 227 227 227 227 227 227 228 228 228 228 228 228 229 229 229 229 229 229 230 230 230 230 230 230 230 231 231 231 231 231 232
218 218 218 218 219 219 219 219 219 219 219 219 219 219 219 219 219 220 220 220 220 220 220 220 220 220 220 221 221 221 221 221 221 221 221 222 222 222 222 222 222 223 223 223 224 224 224 225 225 225 225
180 181 182 183 184 185 185 185 186 186 186 186 186 186 186 186 186 186 186 187 187 187 187 187 187 187 187 187 188 188 188 188 188 188 188 189 189 189 189 189 190 190 190 191 191 192 192
172 173 173 173 174 174 174 175 175 175 176 176 176 176 176 177 177 177 177 177 178 178 178 178 178 179 179 179 179 180 180 180 181 182 183
162 162 162 163 165 165 166 166 166 166 167 167 168 168 168 169 169 169 170 170 170 170 170
143 143 144 144 144 144 144 145 145 145 145 145 145 145 146 146 146 146 146 146 146 147 147 147 147 147 147 147 147 147 147 148 148 148 148 148 148 148 148 148 148 149 149 149 149 149 149 150 150 150 151 151 151 152 152 152 153 153 154
122 122 122 122 123 123 123 123 123 123 124 124 124 124 125 125 125 125 125 126 126 126 126 126 127 127 127 127 127 128 128 128 128 128 128 129 129 129 129 129 129 129
446 446 447 449 449 449 449 450 450 450 450 450 450 450 451 451 451 451 451 451 452 452 452 452 452 452 453 453 453 453 453 454 454 454 455
415 416 416 417 417 417 418 418 419 420 421 421 421 421 421 421 421 421 422 422 422 422 422 422 422 422 422 423 423 423 423 423 423 423 424 424 424 424 424 424 424 425 425 425 425 425 426 426 426 427 428 428
415 415 415 415 415 416 416 416 417 417 418 419 420 420 420 420 421 421 421 421 422 422 422 423 423 423 424 424 424 424 425 425 425 425 426 426 426 426 426 426 427 427 427 427 427 427
398 399 400 401 401 401 401 401 401 401 402 402 402 402 402 402 402 402 402 403 403 403 403 403 403 404 404 404 404 404 405 405 405 406
377 378 378 378 378 379 379 379 379 379 380 380 382 383 383 383 384 384 384 384 384 384 384 384 384 384 384 385 385 385 385 385 385 385 385 385 385 385 386 386 386 386 386 386 386 386 387 387 387 387 387 387 387 388 388 388 388 388 389 389 389 390
368 368 369 369 370 370 371 371 372 372 372 372 372 372 373 373 373 373 373 373 374 374 374 374 375 375 375 375 376 376 377
337 338 339 340 341 341 341 341 341 341 342 342 342 342 342 342 342 342 342 342 343 343 343 343 344 344 346 346 347 347 347 347 348 348
331 331 332 332 333 335 335 336 336 336 336 336 337 337 337 338 338 338 339 339 339 339 340 340 340 340 341 341 341 341 341 341 342 342 342 342 342 342
310 311 311 311 312 312 312 312 313 313 313 313 313 314 314 314 314 314 314 314 314 314 315 315 315 315 315 315 316 316 316 316 317 317 317 317 317 318 318 318 318 318 319 319 319 319 319 320 320 320 320 320 320 321 321 321 321 321 321 321
279 280 280 281 281 282 283 284 284 284 285 285 285 285 285 285 285 285 285 285 285 286 286 286 286 286 286 286 286 286 286 286 287 287 287 287 287 287 287 287 287 288 288 288 288 288 288 288 289 289 289 289 289 290 290 290 290 290 291 291 291
265 266 266 266 266 267 267 267 267 267 268 268 268 269 270 271 272 272 272 272 272 272 272 272 273 273 273 273 273 273 273 273 274 274 274 274 274 274 275 275 275 275 275 275 276 276 276 276 277 277 277 277 278 278 278 278 279
257 258 258 258 259 259 259 260 260 260 261 261 261 261 261 261 262 262 262 262 262 262 262 262 262 262 262 263 263 263 263 263 263 263 263 263 263 264 264 264 264 264 264 265 265 265 266 266 267 267
245 246 246 247 247 247 248 248 249 251 251 251 251 252 252 252 252 252 252 253 253 253 253 254 254 254 254 254 255 255 255 255 255 256 256 256 257
229 230 231 232 233 233 233 234 234 234 234 234 234 234 234 234 234 235 235 235 235 235 235 235 235 235 235 235 235 235 236 236 236 236 236 236 236 236 236 237 237 237 237 237 237 238 238 238 238
195 196 196 196 196 197 197 197 197 197 198 198 200 201 201 202 202 202 202 202 202 202 203 203 203 203 203 203 203 204 204 204 204 204 204 205 205 205 205 205 206 206 206 207 208 209 209 209 209
188 189 189 190 190 190 190 190 190 191 191 191 191 191 191 191 191 192 192 192 192 192 192 192 193 193 193 193 193 194 194 194 194 194 195 195 195 195 195 195 196 196 196 196 196 197
172 173 174 177 178 178 178 179 179 179 179 179 180 180 180 180 181 181 181 182 182 183 184
143 144 144 145 145 145 145 146 146 146 146 147 147 147 147 148 148 148 148 149 149 149 149 149 150 150 150 150 150 150 151 151 151 151 151 151 152 152 152 152 152 153 153 154 154 154 155 155 155 156 156 156 156 157 157 157 157 157
142 143 143 143 143 144 144 144 144 145 145 145 146 146 146 147 147 147 147 148 148 148 148 149 149 149 149 149 150 150 150 150 150
127 128 129 129 129 130 130 130 131 131 131 131 131 132 132 132 132 132 132 132 132 132 133 133 133 133 133 133 133 133 134 134 134 134 134 134 135 135 135 135 135 135 136 136 136 136 136 136 137 137 137 137 137 137 137 138 138 138 138 138 139
442 442 442 442 443 443 443 443 444 444 444 445 445 446 446 447 447 447 447 448 448 448 448 448 449 449
429 430 430 430 431 431 431 432 433 434 434 435 435 435 435 436 436 436 436 436 437 437
403 403 404 404 404 404 404 404 405 405 405 405 405 405 405 405 405 406 406 406 406 406 406 406 406 407 407 407 407 407 407 408 408 408 408 409 409 409 410 410 410 411 411 411 411 411
390 391 392 393 394 394 395 395 395 395 395 396 396 396
366 366 366 367 368 369 369 369 369 370 370 370 370 371 371 371 372
351 352 352 353 353 353 354 354 354 355 356 357 357 357 357 358 358 358 358 358 359 359 359 359 360 360 360 360 361 361 362 362 362 363 363 363
348 348 349 349 349 349 349 349 350 350 350 350 350 350
328 329 330 331 331 331 331 332 332 332 332 332 332 332 332 332 332 333 333 333 333 333 333 333 333 334 334 334 334 334 334 335 335 335 335 335 335 336 336 336 336 336 336 337 337 337 337 338 338
307 308 309 310 311 311 312 312 312 312 312 312 313 313 313 313 313 314 316 317 318
294 294 295 295 295 295 296 296 296 296 296 297 297 297 297 297 298 298 298 298 298 298 298 298 298 298 298 299 299 299 299 299 299 299 299 299 299 299 300 300 300 300 300 300 300 301 301 301 301 302
276 277 278 278 278 279 279 279 279 280 280 280 280 280 280 280 281 281 281 281 281 281 281 281 281 281 281 282 282 282 282 282 282 282 282 282 282 283 283 283 283 283 283 283 283 284 284 284 284 284 284 284 285 285 285 285 285 286 286 286 287 287 287 288 288 288 288
246 246 246 246 247 247 248 249 250 250 250 251 251 251 251 251 251 251 251 251 251 252 252 252 252 252 252 252 252 252 252 252 253 253 253 253 253 253 253 254 254 254 254 255 256 257 257
241 242 242 242 242 243 243 243 243 243 244 244 244 245 245 246 248 248 249 249 249 249 249 250 250 250 250 251 251 251 251 252 252 253
212 213 213 213 214 214 214 214 215 215 215 215 215 216 216 216 216 216 216 216 216 217 217 217 217 217 217 217 217 217 217 218 218 218 218 218 218 218 218 219 219 219 219 219 219 219 220 220 220 220 221
204 205 205 205 205 206 206 206 206 206 206 207 207 207 207 208 208 208 208 209 209 209 210 210 210 211 211 211 211 211 211 212 212 212 212 212 212 213 213 213 213 213 214 214 214 214 215 215
189 190 190 190 191 191 191 191 192 192 192 193 193 193 193 194 194 194 194 194 194 194 194 195 195 195
169 170 170 170 171 171 171 171 171 171 171 171 171 172 172 172 172 172 172 173 173 175 176 176 176 177 177 177 178
160 160 160 160 160 161 161 161 162 163 164 164 165 165 165 165 165 166 166 166 166 167 167 167 168 168 168 169 169 169 169 170 170
149 150 150 150 150 150 150 150 150 150 150 151 151 151 151 151 151 151 151 151 151 152 152 152 152 152 152 153 153 153 154
115 115 115 116 117 118 118 118 118 118 118 119 119 119 119 120 120 121 121 122 123 124 125
442 443 443 444 444 444 444 445 445 446 446 446 447 447 447 448 448 448 448 448
419 420 420 420 420 421 421 421 421 421 421 421 421 421 421 422 422 422 422 422 422 423 423 423 424
404 404 405 405 406 406 406 407 407 407 407 407 407 407 407 407 407 408 408 408 408 408 408 408 408 408 408 408 409 409 409 409 409 409 409 410 410 410 410 411 413 413 414 414 414 414 414
384 386 386 387 387 387 387 388 388 388 388 388 389 389 389 389 389 389 389 389 389 390 390 390 390 390 390 391 391 391 391 392 392 392 392 393 393 393 393 394 394 394 394 395 395 395 396
369 369 369 369 369 370 370 370 371 374 374 374 374 375 375 375 375 375 375 375 375 376 376 376 376 376 376 377 377 377 377 378 378 378 378 379 379 379 379 379 380 380 380 380 381
360 361 362 363 364 364 365 365 365 365 365 365 366 366 366 366 366 366 366 367 367 367 367 367 368
342 342 343 344 345 345 345 346 346 346 346 346 346 346 346 346 346 346 347 347 347 347 347 347 347 347 347 347 347 348 348 348 348 348 348 348 348 349 349 349 349 349 349 350 350 350 350 351 351 351 351
329 329 329 330 330 331 331 332 333 333 334 334 334 335 336 337 337 337 337 338 338 338 338
313 313 314 314 315 315 315 315 316 316 316 316 316 316 316 316 316 316 316 316 316 317 317 317 317 317 317 317 317 317 318 318 318 318 318 318 319 319 319 319 319 319 320 320 320 320 320 320 321 321 321 321 321 321 322 322 322 322 322 322 322 323 323 323 323 323 323 323
300 300 301 301 302 303 304 304 304 304 304 304 305 305
276 276 277 277 277 277 277 277 277 277 277 278 278 278 278 278 278 278 278 278 278 278 279 279 279 279 279 279 279 279 279 280 280 280 280 280 280 280 280 281 281 281 281 281 281 282 282 282 282 283 283 284 284
258 259 262 262 262 262 262 262 262 262 263 263 263 263 263 263 263 263 263 264 264 264 264 264 264 264 264 265 265 265 265 265 265 266 266 266 267 267
238 239 239 239 239 240 240 240 240 240 241 241 241 242 242 243 245 245 246 246 246 247 247 247 248 248 248 249
226 227 227 227 228 228 229 230 230 230 231 231 231 231 231 232 232 232 232 233 233 233 233 234 234 235 235 235 236 236 236 237 237 237 237 238 238 238 238 238
200 201 202 204 205 205 205 205 205 205 206 206 206 207 207 208
180 181 181 182 182 182 182 183 183 183 183 184 184 184 184 185 185 185 186 186 186 187 187 187 187 188 188 188 188 188 189 189 189 189 189 190 190 190 190 191 191 191 192 193 193
162 163 163 164 164 165 166 166 167 167 167 167 167 168 168 168 169 169 171 172 172 172 173 173 173 174
149 150 150 150 151 151 151 151 152 152 152 152 153 153 153 153 153 153 153 154 154 154 154 154 154 155 155 155 155 155 156 156 156 156 157 157 157 157 158 158 158 158 159 159 159 159 160 160 160 160 160 160
134 135 135 136 136 136 137 137 138 140 140 140 140 141 141 141 141 141 141 141 142 142 142 142 142 142 143 143 143 143 143 144 144 144 144 145 145
127 128 128 129 129 129 130 130 131 133 133 133 133 134 134 134 134 134 134 135 135 135 135 135 136 136 136 137 138 139 139 140 140 140 140
435 436 437 439 440 440 440 440 440 440 440 440 440 440 440 440 441 441 441 441 441 441 441 441 441 442 442 444
430 430 430 430 430 430 431 431 431 431 431 431 432 432 432 432 432 432 432 433 433 433 433 433 433 433 434 434 434 434 434 434 434 435 435 435 435 435 435 435 435 435 435 436 436 436 436 436 436 436 436 436 437 437 439 440 441 442
404 405 406 406 406 406 406 407 407 407 407 407 407 408 408 408 408 409 409 409 410 410 411 411
394 395 396 397 398 399 399 399 400 400 400 400 400 400 400 401 401 401 401 401 402 402 402 403
374 375 375 375 376 376 376 376 377 377 377 377 378 378 378 378 378 379 379 379 379 379 379 379 379 380 380 380 380 380 380 380 380 380 381 381 381 381 381 381 381 381 381 382 382 382 382 382 382 382 382 383 383 383 383 383 383 384 384 384 384 385 385
351 352 352 352 352 353 353 353 353 353 354 354 354 354 354 355 355 355 355 355 356 356 356 356 356 356 356 356 356 356 356 356 356 357 357 357 357 357 357 357 357 357 357 357 357 357 358 358 358 358 358 358 358 358 358 358 358 359 359 359 359 359 359 359 359 359 360 360 360 360 360 360 361 361 361 362 362 362 363 363 363
345 348 348 349 350 350 351 351 351 351 351 351 351 351 351 352 352 352 352 352 353 355
322 323 323 323 323 324 324 324 324 324 324 325 325 325 325 325 326 326 326 326 326 326 327 327 327 327 327 327 328 328 328 328 328 328 329 329 329 329 329 329 329 329 329 329 329 330 330 330 330
306 307 308 309 310 311 311 311 311 311 311 312 312 312 312 312 312 312 312 312 313 313 313 313 313 313 313 314 314 314 314 314 314 314 315 315 315 315 315 316 316 316 317
303 304 304 305 305 305 305 305 305 305 305 305 306 306 306 306 306 306 307 307 307 307 308 308 309 309
267 268 268 269 269 269 269 270 270 270 270 271 271 271 271 272 272 273 273 273 274 274 274 274 275 275 275 275
245 245 245 245 246 246 246 246 247 247 247 248 248 249 249 250 250 250 250 250 250 251 251 251 251 251 251 252 252 252 252 252 253 253 253 253 254 254 254 254 255 255 255 255 256 256 256 256 257 257 257 257 257 257
248 249 250 250 250 250 250 251 251 251 251 251 251 252 252 253 255 255 256 256 256 256 257 257 257 257 257 257
213 214 214 214 215 215 215 216 216 216 217 217 217 218 218 218 218 219 219 219 219 219 220 220 220 220 220 220 220 220 220 221 221 221 221 221 221 221 221 221 222 222 222 222 222 222 222 223 223 223 223 223 223 223 224 224 224 224 224 225 225 225 226
209 210 210 210 211 211 211 212 212 212 213 213 213 213 213 213 213 213 213 214 214 214 214 214 215 215 215 215 216 216 216 217 217 217 218 220
183 184 185 186 187 188 188 188 188 188 188 189 189 189 189 189 189 189 189 190 190 190 190 190 190 191 191 191 191 191 191 192 192 192 192 192 193 193 193 193 194 194 194 195
180 181 181 182 182 182 182 182 183 183
146 146 147 148 149 149 149 149 149 150 150 150 150 151 151 152 152
135 135 136 137 138 138 139 139 139 139 139 139 139 140 140 140 140 140 140 140 141 141 141 141 141 141 142 142 142 142 142 143 143 143 144 144 144 145 145 145 145 146
122 126 127 127 127 127 127 127 127 127 127 127 128 128 128 128 128 128 128 128 128 128 129 129 129 129 129 129 130
443 443 443 443 443 443 444 444 444 444 444 444 445 445 445 445 445 446 446 446 446 447 447 447 447 448 448 448 448 448 448 448 448 448 448 448 449 449 449 449 449
431 431 432 432 432 432 433 433 433 433 433 433 434 434 434 434 434 434 435 435 435 435 435 435 435 435 435 435 436 436 436 436 436 436 436 436 436 436 436 436 436 437 437 437 437 437 437 437 437 437 437 438 438 438 438 438 438 438 438 439 439 439 439 439 439 441 442 442 442 442
404 405 405 405 405 405 406 406 406 406 406 406 407 407 407 407 408 408 408 408 409 409 409 409 409 409 409 409 409 409 409 410 410 410 410 410 410 410 410 411 411 411 411 412 412 413 414 415
390 391 391 391 392 392 392 392 392 393 393 393 393 393 394 394 394 394 394 394 394 395 395 395 395 395 395 395 395 395 395 395 396 396 396 396 396 396 396 396 396 396 397 397 397 397 397 397 397 397 398 398 398 398 398 399 399 399 399 399 400 400 400 400 400 400 401 401 401 401 401 402
379 380 380 380 381 381 381 381 382 382 382 383 383 383 383 384 384 384 384 384 384 384 385 385 385 385 386 386 387 387 387 388 388 388 389 389 389 389 389
367 367 368 370 370 370 370 371 371 371 371 371 371 371 372 372 372 372 372 373 373 373 374
343 343 344 344 344 344 344 344 344 344 344 345 345 345 345 345 345 345 346 346 346 346 347 347 347 347 347 348 348 348 348 348 349 349 349 349 349 350 350 350 350 350 350 351 351 351 351 351 351
318 318 318 318 318 319 319 319 320 321 322 322 322 323 323 323 323 323 323 323 323 323 324 324 324 324 324 324 324 324 324 325 325 325 325 325 325 326 326 326 326 326 327 327 327 328
297 298 300 301 301 302 302 302 303 303 303 303 303 304 304 307
292 293 294 297 298 298 298 299 299 299 299 299 300 300 300 300 300 301 301 301 301 302 302 303 303 304 304 304
273 273 274 274 274 275 275 275 275 275 275 275 275 275 276 276 276 276 276 276 276 276 276 277 277 277 277 277 277 277 278 278 278 278 278 279 279 281 282 282 282 282
248 249 250 251 252 252 252 253 253 253 253 253 253 254 254 254 255 255 256
243 244 245 246 247 248 248 248 248 248 248 248 249 249 249 249 249 249 249 249 249 249 250 250 250 250 250 250 250 251 251 251 251 251 251 251 252 252 252 252 252 253 253 254 254 255 255 255 255
220 221 222 225 225 225 225 225 226 226 226 226 226 226 227 227 227 227 228 228 228 228 228 229 229 229 229 229 230 230 230 231
199 199 200 200 200 200 200 201 201 201 201 201 202 202 202 203 203 204
180 183 184 184 184 185 185 185 185 185 185 186 186 186 186 186 187 187 187 188 190 190 190 191
177 177 177 178 178 178 179 179 179 179 179 180 180 180 181 181 181 181 181 182 182 182 182 182 182 183 183 183 187 187
148 149 149 149 149 150 150 150 151 151 151 151 152 152 152 152 152 152 153 153 153 153 153 153 153 153 153 154 154 154 154 154 155 155 155 156 156 156 157 157 157 157 158 158 158 158 158 159 159 159 159
128 129 130 131 131 132 132 132 132 132 132 133 133 133 133 133 133 133 133 134 134 134 134 134 134 134 135 135 135 135 135 136 136 136 136 137 137 137 138 138 139
112 113 114 115 116 116 116 117 117 117 117 117 117 117 117 117 117 117 118 118 118 118 118 118 118 118 119 119 119 119 119 119 119 120 120 120 120 120 121 121 122 122 123 123 123 123 123
439 439 439 439 439 439 440 440 440 440 440 441 441 441 441 442 442 442 443 443 443 444 444 444 444 444 444 445 445 445 445 445 445 446 446 446 446 447 447 447 447 448 448 448 449
422 423 423 423 423 424 424 424 424 424 425 425 425 425 425 426 426 426 426 426 427 427 427 427 427 427 427 427 427 427 428 428 428 428 428 428 428 428 428 428 429 429 429 429 429 429 429 429 430 430 430 430 430 431 431
422 422 423 423 423 423 423 423 424 424 424 424 424 424 424 424 424 424 425 425 425 425 425 425 425 425 426 426 426 426 426 427 427 427 427 428 428 428 429
390 390 390 390 391 391 391 391 391 391 391 391 391 392 392 392 392 392 392 392 392 393 393 393 393 393 393 394 394 394 395
380 380 381 384 384 384 384 385 385 385 385 385 386 386 386 386 387
346 347 347 348 348 349 349 349 349 350 350 350 350 350 350 351 351 351 351 351 351 351 351 352 352 352 352 352 352 352 352 352 352 352 352 352 353 353 353 353 353 353 353 353 353 353 354 354 354 354 354 355 355 355 356 357 358 358 358 359 359 359 359 359
339 340 340 340 341 341 341 341 342 342 342 342 343 343 343 343 343 343 343 343 343 344 344 344 344 344 344 344 344 344 345 345 345 345 345 345 345 345 346 346 346 346 346 346 346 347 347 347 347 347 348 348
330 330 330 330 330 331 331 331 332 332 332 332 333 333 333 333 333 334 334 334 334 334 334 334 335 335 335 335 335 335 335 335 335 335 336 336 336 336 336 336 336 336 337 337 337 337 338 338 339 339 340 340 340 340
306 306 307 307 307 307 307 308 308 308 308 309 309 309 310 310 310 311 311 311 311 312 312 313
282 282 283 284 285 286 286 286 286 286 286 286 286 287 287 287 287 287 287 287 287 288 288 288 288 288 288 289 289 289 289 289 290 290 290 291
269 270 270 270 271 271 271 271 272 272 272 272 272 273 273 273 273 273 273 273 273 274 274 274 274 274 274 274 274 274 274 275 275 275 275 275 275 276 276 276 276 276 276 277 277 277 277 278
255 256 256 256 257 257 258 258 259 259 259 259 259 260 260 260 260 260 260 260 261 261 261 261 261 261 261 262 262 262 262 262 263 263 263 263 263 264 264 264 265 265
237 238 238 238 239 239 239 239 239 240 240 240 240 241 241 242 243 243 244 244 245
214 215 215 216 216 217 218 218 219 219 219 219 219 219 219 219 220 220 220 220 220 221 223 224 225 226
218 219 220 220 220 221 221 221 221 221 221 222 222 222 222 222 223 223 223 223 224 224 224 224 225 225 225 225 225 226 226 226 226 226
196 196 196 197 197 197 197 197 197 197 197 197 197 198 198 198 198 198 198 198 198 199 199 199 199 200 200 202 202 203 203 203 204
167 168 169 169 170 170 170 171 171 171 171 172 172 172 172 172 173 173 173 173 174 174 174 175 175 176 176 177 177 177 178 178 179
156 157 158 159 160 161 161 161 161 161 161 161 162 162 162 162 162 162 162 162 162 162 162 163 163 163 163 163 163 163 164 164 164 164 165 167 167 168 168 168 168 168
142 143 143 143 143 144 144 144 144 145 145 145 146 146 146 146 146 147 147 147 147 147 147 147 147 147 148 148 148 148 148 148 148 148 149 149 149 149 149 149 149 150 150 150 150 150 150 150 151 151 151 151 151 152 152 152
121 122 123 123 123 124 124 124 124 124 124 125 125 125 125 125 126 126 126 126 127 127 127 127 128 128 128 128 129 129 129 129 130 130 130 130 130 130
439 439 439 440 440 440 440 440 440 440 440 440 440 440 441 441 441 441 441 441 441 441 442 442 442 442 442 442 443 443 443 443 444 444 444 444
421 422 422 422 423 423 423 424 424 424 424 425 425 425 425 425 426 426 426 426 426 426 426 427 427 427 427 427 427 428 428 428 428 428 429 429 429 429 430 430 430 431 431 431 432 432 432 432
416 417 417 417 417 417 418 418 418 418 418 418 418 419 419 419 419 419 419 420 420 420 420 420 420 421 421 421 421 421 421 421 421 421 421 421 421 421 421 422 422 422 422 422 422 422 422 422 423 423 424
389 389 390 392 392 392 392 393 393 393 393 393 393 393 394 394 394 394 395 395 395 395 396 396 396 396 397 397 397 397 397
374 375 376 377 378 379 379 379 380 380 380 380 380 380 380 380 381 381 381 381 381 381 382 382 382 382 382 383 383 383 384
363 363 363 363 363 363 364 364 364 364 364 365 365 365 365 366 366 366 367 367 367 368 368 368 368 368 369 369 369 369 370 370 371 371
335 336 336 336 336 337 337 337 337 338 338 338 338 338 339 339 339 339 339 339 339 340 340 340 340 340 340 340 340 340 340 340 340 340 341 341 341 341 341 341 341 341 341 342 342 344 345 346
331 332 332 332 332 333 333 333 333 334 334 334 334 334 335 335 335 335 335 335 336 336 336 336 336 336 336 336 336 336 336 337 337 337 337 337 337 337 338 338 338 338 339 339 339 339 340 340 341 341 341 342
308 309 309 309 310 310 310 310 311 311 311 311 312 312 312 312 312 312 312 312 312 313 313 313 313 313 313 313 313 313 314 314 314 314 314 314 314 314 315 315 315 315 315 315 315 316 316 316 316 316 316 317 317 317 317 318 318
293 293 293 294 294 295 295 296 296 296 296 296 296 297 297 297 297 298 298 300 301 302
281 282 282 283 283 283 283 283 283 283 284 284 284 284 284 284 284 285 285 285 285 285 286 286 286
254 255 255 256 256 256 257 257 258 259 260 260 260 260 260 260 260 260 260 260 261 261 261 261 261 261 261 261 261 261 261 262 262 262 262 262 262 262 262 263 263 263 263 263 263 264 264 264 264 265
238 239 241 241 242 242 242 242 242 242 243 243 243 243 243 243 243 243 243 243 244 244 244 244 244 244 245 245 245 246 247 248
223 223 223 223 223 223 224 224 224 224 224 224 225 225 225 225 225 225 226 226 226 226 226 226 227 227 227 227 227 227 228 228 228 228 228 228 228 228 228 228 228 229 229 229 229 229 229 229 229 229 229 229 230 230 230 230 230 230 230 230 230 231 231 231 231 231 231 231 231 232 232 232 232 232 232 233 233 233 233 234 234 235 235 235
196 197 197 197 197 198 198 198 198 198 199 199 199 199 199 200 200 200 200 200 201 201 201 201 201 201 201 201 201 201 202 202 202 202 202 202 202 203 203 203 203 204 204 204 204 205 205 205 205 206 206 206 206 206
189 190 190 190 190 191 191 191 191 191 192 192 192 193 193 193 194 194 194 194 194 194 195 195 195 195 195 195 196 196 196 196 196 197 197 198 198 198 199 199 199 199 199 200 200 200 200 201
180 180 181 181 181 181 181 181 181 181 182 182 182 182 182 182 182 182 183 183 183 183 184
149 150 150 150 151 151 151 151 151 151 151 151 151 151 151 151 152 152 152 152 152 152 152 152 152 152 152 152 152 153 153 153 153 153 153 153 153 153 154 154 154 154 154 155 155 157 158 158 158 158
126 127 127 127 127 127 128 128 128 128 128 129 129 129 129 129 130 130 130 130 130 130 130 131 131 131 131 131 131 131 131 131 131 132 132 132 132 132 132 133 133 134
129 130 130 131 131 131 131 132 132 133 133 133 134 134 134 135 135 135 135 136 136 136 137
441 441 441 442 442 442 442 442 442 443 443 443 443 443 444 444 444 445 446 447 447 448 448 448 448 448
431 432 432 432 432 432 432 433 433
407 408 408 408 408 409 409 409 409 409 410 410 410 411 412 413 414 414 414 414 414 414 414 414 414 414 415 415 415 415 415 415 415 415 415 415 415 416 416 416 416 416 416 416 416 416 417 417 417 417 417 418 418 418 418 419 419 419 420
403 403 403 404 405 406 406 406 406 407 407 407 407 408 408 408 408 409 410 410 410 411 411 411 412 412 412 412 413 413 413 413 413
379 379 380 380 381 381 381 382 382 382 382 382 382 382 382 382 382 382 383 383 383 383 383 383 383 383 384 384 384 384 384 385 385
360 361 361 361 361 362 362 362 362 362 362 363 363 363 363 363 363 364 364 364 364 364 364 365 365 365 365 365 366 366 366 366 366 367 367 367 367 367 367 368 368 368 368 369 369 371 372 373
351 352 352 352 352 352 352 353 353
329 330 330 331 331 331 331 332 332 332 333 333 333 334 334 334 335 335 335 335 336 336 336 336 336 336 336 336 336 336 336 337 337 337 337 337 337 337 337 337 337 338 338 338 338 338 338 339
315 316 316 316 317 317 317 317 318 318 318 318 319 319 319 319 319 319 320 320 320 320 320 320 320 320 321 321 321 321 321 321 321 322 322 322 322 322 323 323 323 323 324 324 324 325
284 285 286 289 289 290 290 290 290 290 291 291 291 291 291 291 291 292 292 292 292 292 292 292 293 293 293 293 293 294 294 294 294 295 296 297 297
269 270 270 270 271 271 271 272 272 273 273 274 274 274 275 275 275 275 275 276 276 276 276 276 276 276 276 276 277 277 277 277 277 277 277 277 277 278 278 278 278 278 278 279 279 279 280 280
256 257 257 257 257 258 258 258 258 258 259 259 259 259 260 260 260 260 261 261 261 261 261 261 262 262 262 262 262 262 263 263 265 266 266 266 267 267 267 267 268 268
244 245 245 245 245 245 245 245 246 246 246 246 246 246 246 246 247 247 247 247 247 248 248 249 249 249 250 250 250 251 251 251 251 252 252 252 252 252
211 212 213 214 215 216 216 216 216 217 217 217 217 217 217 218 218 218 218 218 218 218 218 218 219 219 219 219 219 220 220 221 221 221 222 222 222 223 223 223 223 223
209 210 210 210 210 211 211 211 211 212 212 213 214 215 215 216 216 216 216 217 217 217 219 219 219 220 220 220 220 221
186 187 187 187 188 188 188 188 189 189 189 189 189 190 190 190 190 190 190 190 190 190 191 191 191 191 191 191 191 191 191 192 192 192 192 192 192 192 193 193 193 193 193 193 193 194 194 194 194 194 195 195 195 196
177 178 178 179 179 179 180 180 180 182 183 183 183 183 183 183 184 184 184 184 184 184 185 185 185 185 186
148 148 148 149 150 151 151 152 152 152 152 152 153 153 153 153 153 153 153 154 154 154 154 155 155 156 156 156 157 157 158
134 135 136 137 138 139 139 139 139 140 140 140 140 141 141 143 144 144 144 145 145 145 145 146 146
118 119 119 120 120 121 121 122 122 123 123 123 124 124 124 124 124 124 124 124 124 125 125 125 125 125 125 125 125 125 126 126 126 126 126 126 126 126 127 127 127 127 127 127 128 128 128 128 128 129 129 129 130 130 131 131
447 447 448 448 448 448 448 448 448 448 448 449 449 449 449 449
422 423 423 423 424 424 424 424 425 425 425 425 425 426 426 426 426 426 426 426 426 426 426 426 427 427 427 427 427 427 427 427 428 428 428 428 428 428 429 429 429 429 429 429 430 430 430 430 430 431 431 431 431 432 432 432 433
400 400 400 400 400 401 401 401 402 402 403 404 405 405 405 405 406 406 406 406 407 407 407 407 408 408 409 409 409 410 410 410 410 411 411 411 411
379 380 380 380 380 381 381 381 381 381 382 382 382 383 383 384 386 386 387 387 387 387 387 388 388 389 389 389 390 390 390 391 391 391 391 391
370 371 371 372 372 372 373 373 373 374 375 376 376 376 376 376 376 376 376 377 377 377 377 377 377 377 377 377 378 378 378 378 378 378 378 378 379 379 379 379 379 379 380 380 380 380 380 381 381 381 381 381 382 382 382 382
359 359 359 359 359 359 360 360 360 360 360 360 361 361 361 361 361 361 361 362 362 362 362 362 362 362 363 363 363 363 363 363 363 364 364 364 364 364 364 364 364 364 365 365 365
333 334 334 335 335 336 336 336 336 337 337 337 337 337 337 338 338 338 338 338 338 338 338 339 339 339 339 339 339 339 339 339 339 339 339 339 340 340 340 340 340 340 340 340 340 340 340 340 341 341 341 341 341 341 342
334 335 335 335 336 336 336 337 341 341 342 342 342 342 342
300 301 302 305 305 305 305 305 306 306 306 306 306 306 307 307 307 307 307 308 308 309 309 310 310 310
285 286 286 286 286 287 287 287 287 288 288 289 289 290
271 272 273 274 275 276 276 276 277 277 277 277 277 277 277 278 278 278 278 278 278 279 279 279 279 279 280 280 280 281 281 281 282 282 282
250 251 251 251 251 252 252 252 252 253 253 253 253 253 254 254 254 254 254 254 255 255 255 255 255 255 255 255 255 255 255 256 256 256 256 256 256 256 256 256 256 256 257 257 257 257 257 257 257 257 258 258 258 258 258 258 258 259 259 259 259 259 260 260 261 261 262 262 262 262
240 240 240 240 241 241 241 241 242 242 242 242 243 243 243 243 244 244 244 244 244 245 245 245 245 245 245 245 246 246 246 246 246 246 246 246 247 247 247 247 247 247 248 248 248 248 249 249 249 249 250 250 250 250 251 251 251 251 252 252 252 252 252 252
219 219 219 219 220 220 220 220 220 221 221 221 221 221 222 222 222 222 222 222 223 223 223 223 223 223 224 224 224 224 224 224 224 224 225 225 225 225 225 225 225 225 225 226 226 226 226 226 226 226 226 227 227 227 227 227 227 228 228 228 228 228 229 229 229 229 229 230 230 230 230
201 201 202 202 202 202 202 202 203 203 203 203 204 204 205 205 205 206 206 207
184 185 186 186 186 187 187 187 187 187 187 187 188 188 188 188 188 188 189 189 189 189 189 190 190 190 191 191 191 192 192 192 192 193
180 180 180 181 181 181 181 181 181 181 181 181 181 182 182 182 182 182 182 182 182 182 182 182 182 183 183 183 183 183 183 183 183 184 184 184 184 184 185 185 185 185 185 186 186 186 186 186 186 187 187 187 187 187 188
154 155 155 155 155 156 156 156 156 156 157 157 159 160 160 161 161 161 161 161 161 161 161 162 162 162 162 162 162 162 162 162 163 163 163 163 163 163 163 164 164 164 164 164 164 164 165 165 165 165 165 166 166 166 167 168 168
142 143 143 143 144 144 144 144
116 117 117 118 118 119 119 119 120 120 120 121 121 121 122 122 123
437 438 438 439 439 439 439 440 440 440 440 441 441 441 441 442 442 442 442 443 443 443 443 443 444 444 444 444 444 444 445 445 445 445 445 445 445 446 446 446 446 446 446 447 447 447 447 447 448 448 448 448 449 449 450 451
425 426 426 427 427 428 429 429 430 430 430 430 430 430 430 430 431 431 431 431 431 431 431 431 431 432 432 432 432 432 432 432 432 433 433 433 433 433 433 433 434 434 434 434 435 435 435 436 436 436
409 409 409 409 409 409 410 410 410 410 410 411 411 411 411 411 412 412 412 412 413 413 413 413 414 414 414 414 415 415 415 415 416 416 417 417 418 419 420
389 390 392 393 393 393 393 393 393 393 393 393 394 394 394 394 394 394 394 394 394 394 394 395 395 395 395 395 395 395 395 395 396 396 396 396 396 396 396 397 397 397 397 397 398 398 398 399 399
383 383 383 383 384 384 384 384 385 385 385 386 386 387 387 388 388 388 388 388 388 389 389 389 389 389 390 390 390 391 391 392 393 394 395
367 367 367 367 367 367 368 368 368 368 368 369 369 369 369 370 370 370 371 371 371 372 372 372 372 372 372 373 373 373 373 374 374 375
344 344 345 345 345 345 346 346 346 346 346 347 347 347 347 347 348 348 348 348 348 348 348 348 348 349 349 349 349 349 349 349 349 350 350 350 350 350 350 351 351 351 351 352 353 354 354
333 334 334 335 335 335 335 336 336 336 336 337 337 337 337 337 337 338 338 338 338 338 338 338 338 338 339 339 339 339 339 339 339 339 339 340 340 340 340 340 340 341 341 341 342 343 345
314 314 314 315 315 315 315 315 315 315 315 315 316 316 316 316 316 316 316 316 316 317 317 317 317 317 317 317 317 318 318 318 318 318 318 319 319 319 319 319 320 320 320 321 321 322 322
295 295 296 297 298 298 298 298 298 298 298 298 298 298 299 299 299 299 299 299 299 299 300 300 300 300 301 301 303 303 304 304 304 305
276 277 277 277 277 278 278 278 278 279 279 279 279 279 280 280 280 280 280 280 281 281 281 281 281 281 281 281 281 281 281 282 282 282 282
259 260 260 260 260 261 261 261 261 261 262 262 262 262 263 263 263 263 264 264 264 264 264 264 265 265 265 265 265 265 265 265 265 266 266 266 266 266 266 266 266 267 267 267 267 267 267 267 268 268 268 268 268 269 269 269 270 270 271 271
233 233 233 233 234 234 234 234 235 235 235 236 236 236 237 237 237 237 238 238 238 238 238 238 238 238 239 239 239 239 239 239 239 239 240 240 240 240 240 240 241 241 241 241 242 242 242 242 243 243 243 243 244 244 244 244 245 245 245 245 245 245
231 232 232 232 233 233 233 233 234 234 234 234 234 235 235 235 235 235 236 236 236 236 236 236 236 237 237 237 237 237 241 241
207 207 207 207 207 208 208 208 209 210 211 211 212 212 212 212 212 212 213 213 213 213 213 213 213 214 214 214 214 214 215 215 215 215 215 216 216 216 217 217 218 218 219 219 219 219
189 190 190 191 191 191 192 192 192 193 194 195 195 195 195 195 195 195 195 196 196 196
169 169 169 169 170 170 170 170 170 170 171 171 171 172 172 174 175 175 175 175 176 176 176 176 176 176
149 150 151 152 152 152 152 153 153 153 153 153 153 153 153 153 153 154 154 154 154 154 154 155 155 156 158 158 159 159 159 160
141 141 141 142 142 142 142 142 142 142 142 142 142 143 143 143 143 143 143 143 144 144 146 147 148
127 127 128 128 128 128 128 128 128 128 128 129 129 129 129 129 130 130 131 131 132 133 134 135
434 435 435 436 436 437 438 439 439 439 439 439 439 439 439 440 440 440 440 440 440 440 441 441 441 441 441 442 442 442
417 417 417 417 417 417 418 418 418 418 418 418 419 419 419 419 419 420 420 420 420 421 421 421 421 422 422 422 422 422 422 422 423 423 423 423 424 424 424 425 425 425 426 426 426 426 427 427 427 427 427 428 428 428 428
420 421 421 421 423 423 423 423 423 423 423 424 424 424 424 424 425 425 425 425 425 426 426 426 426 427 427 427 427 428 428 428 429 429 429 429 429 430
389 390 390 390 390 391 391 391 391 391 391 392 392 392 392 392 392 393 393 393 393 393 393 393 394 394 394 394 394 394 394 395 395 395 395 395 395 395 396 396 396 396 396 396 396 396 396 397 397 397 397 397 397 398 398 399
382 383 383 383 384 384 384 384 384 384 384 384 384 385 385 385 385 385 385 385 385 386 386 386 386 386 386 386 387 387 387 387 387 388 388 388 388 388 389 389 389 389 389 390 390 391
353 353 353 353 353 353 354 354 354 354 354 354 355 355 355 355 355 355 356 356 356 356 356 356 357 357 357 357 357 357 358 358 358 358 358 358 358 358 358 358 358 358 358 358 359 359 359 359 359 359 359 359 359 359 359 359 359 360 360 360 360 360 360 360 360 360 360 360 361 361 361 361 361 361 361 361 361 362 362 362 362 362 362 362 363 363 363 363 363 364 364 364 365 365
353 354 355 355 356 356 356 356 357 357 357 358 358 359 359 360 360 360 361 361 362
322 323 324 324 325 325 325 326 326 326 326 327 327 327 327 327 328 328 328 328 328 329 329 329 329 329 330 330 330 330 331 331 331 332 333 333
318 318 319 319 320 320 320 320 320 320 321 321 321 321 322 322 322 323 323 323 324 324 324 324 325 325 325 325 325 326 326 326 326
294 294 294 294 295 295 295
277 278 279 280 281 282 282 282 282 282 282 283 283 283 283 283 283 284 284 285 286 287 287 287 288 288
251 252 252 252 253 253 253 254 254 255 255 255 255 256 256 256 256 256 256 256 256 256 257 257 257 257 257 257 257 257 258 258 258 258 258 258 258 259 259 259 259 259 260 260 260 260 260 261 261 261 261 261 261 262 262 262 262 262 263
241 242 242 242 242 242 242 242 242 243 243 243 243 243 243 243 243 244 244 244 244 244 244 244 245 245 245 245 245 245 245 246 246 246 246 246 246 247 247 247 247 248 248
235 235 236 236 236 236 236 236 236 236 237 237 237 237 237 237 238 238 239
197 198 200 200 201 201 201 201 201 201 202 202 202 202 202 202 202 202 202 202 202 202 202 203 203 203 203 203 203 203 203 203 203 204 204 204 204 204 204 204 204 205 205 205 205 205 205 206 206 206 207 207 207 208 208 208 208 208
179 180 180 180 181 181 181 181 182 182 182 182 183 183 183 183 183 184 184 184 185 185 186 188 188 189 189 189 189 190 190 190 190 190 190
176 177 177 178 178 179 180 181 181 181 181 181 181 181 181 182 182 182 182 182 182 182 183 183 183 183 184 184 184 184 184 185 185 185 185 185 186 186 186 186 186 187 187 187 187 187 187 188 188 188 188 188 188 188
164 165 165 165 165 165 165 165 165 165 166 166 166 166 166 166 166 166 166 166 166 166 167 167 167 167 167 167 167 167 168 168 168 168 168 169 169 169 170 170 170 170 170 171 171 171 171 171 172
131 132 132 132 132 132 133 133 133 133 133 133 134 134 134 134 135 135 135 135 136 136 136 136 136 136 136 136 137 137 137 137 137 137 137 137 138 138 138 138 138 138 139 139 139 139 139 139 140 140 140 140 140 141 141 141 142
128 129 129 129 130 130 130 131 131 131 132 132 133 133 134 134 135 135
445 445 446 446 446 446 447 447 447 447 447 448 448 448 448 448 449 449 449 449 449 449 449 450 450 450 450 450 450 451 451 451 451 451 452 452 452 452 453 453 453 453 454 454 455
428 428 428 429 429 429 429 429 429 430 430 430 431 431 432 433 434
403 403 404 406 406 406 406 407 407 407 407 407 407 407 408 408 408 408 408 408 409 409 409 409 409 410 410 410 411
385 385 386 387 388 388 388 389 389 389 389 389 389 390 390 390 390 390 391 391 393 394 394
380 380 380 380 380 381 381 381 382 383 384 384 384 385 385 385 385 385 385 385 385 385 385 385 386 386 386 386 386 386 386 386 386 386 386 387 387 387 387 387 387 387 387 387 388 388 388 388 388 388 388 389 389 389 389 389 390 390 390 391
355 356 356 356 357 357 357 357 357 358 358 358 358 358 359 359 359 359 359 359 359 360 360 360 360 360 360 360 360 360 360 360 361 361 361 361 361 361 361 361 361 361 361 362 362 362 362 362 362 362 362 362 363 363 363 363 363 363 363 363 364 364 364 364 364 364 365 365 365 365 366 366 367 367
337 337 338 338 339 340 341 341 341 341 341 341 342 342 342 342 343 343 344 344 345
330 330 331 331 331 331 332 332 332 332 332 332 333 333 333 333 333 333 334 334 334 334 334 334 334 334 334 335 335 335 335
303 304 304 304 305 305 305 306 306 306 307 307 307 307 307 307 307 308 308 308 308 309 309 310
279 280 280 281 281 281 282 282 282 283 285 285 286 286 286 286 286 286 286 287 287 287 287 287 287 288 288 288 288 288 289 289 289 289 290 290 291
263 264 264 264 265 265 265 266 266 266 267 267 267 267 267 267 268 268 268 268 268 268 268 268 268 268 268 269 269 269 269 269 269 269 269 270 270 270 270 270 270 271 271 271 271 271 271 272 272 272 272 273
262 263 263 263 264 264 264 265 265 265 265 266 266 266 266 266 267 267 267 267 267 267 267 268 268 268 268 268 269 269 269 270 270 271 272 272 273 273
236 237 237 237 237 238 238 238 238 238 238 239 239 239 239 239 239 239 240 240 240 240 240 240 240 241 241 241 241 241 241 241 241 241 241 241 241 242 242 242 242 242 242 242 242 242 242 242 243 243 243 243 243 243 243 243 244 244 244 244 244 244 244 245 245 245 245 245 246 246 246 247
217 217 218 218 219 219 219 219 220 220 220 220 220 220 221 221 221 221 221 221 221 221 222 222 222 222 222 222 222 222 222 222 222 222 222 223 223 223 223 223 223 223 223 223 223 223 223 223 224 224 224 224 224 224 224 224 224 224 224 225 225 225 225 225 225 225 225 225 226 226 226 226 226 226 226 227 227 227 227 227 228 228 228 229
214 215 216 217 217 218 218 218 218 218 219 219 219 219 219 219 219 220 220 220 220
196 196 197 197 197 197 197 197 197 197 198 198 198 198 198 199 199 200 200 200 201 201 201 201 202 202 202 202
182 183 183 184 184 184 184 184 184 184 185 185 185 185 185 186 186 187 189 189 190 190 190 190 191 191
149 150 150 151 151 151 151 151 151 151 151 151 152 152 152 152 152 152 153 153 153 153 153 154 154 154 155 155 155 155
147 148 148 148 148 148 149 149 149 149 150 150 151
124 125 126 126 126 127 127 127 127
442 444 445 445 445 446 446 446 446 446 447 447 447 447 447 447 447 448 448 448 448 448 448 449 449 449 449 450 450 450 450 451 451 452
425 425 426 426 426 426 427 427 427 427 427 427 428 428 428 428 428 428 429 429 429 429 429 429 429 429 429 429 429 429 429 430 430 430 430 430 430 430 430 430 430 430 430 430 431 431 431 431 431 431 431 431 431 431 431 432 432 432 432 432 432 432 432 432 433 433 433 433 433 433 434 434 434 434 434 435 435 435
412 412 412 412 413 413 413 413 413 414 414 414 414 414 415 415 415 415 415 415 416 416 416 416 416 416 417 417 417 417 417 417 417 417 417 417 418 418 418 418 418 418 418 418 418 419 419 419 419 419 419 420 420 420 420 420 420 421 421 421 421 421 421 422 422 422 422 422 422 423 423 423 423 423 423 423 424 424 424 424 424 424 424
398 399 399 399 400 400 400 401 401 401 401 402 402 402 402 402 402 402 402 402 403 403 403 403 403 403 403 403 403 404 404 404 404 404 404 404 404 405 405 405 405 405 405 406 406 406 406 407 407 407 408 408 408 409 409 409 409 409
368 369 369 370 370 370 370 370 371 371 371 371 372 372 373 374 375 375 375
366 367 367 367 367 367 368 368 368 368 368 368 368 369 369 369 369 369 369 369 370 370 370 370 370 370 370 370 371 371 371 371 371 371 371 371 371 371 371 371 372 372 372 372 372 372 372 372 372 373 373 373 373 374 374 375
348 348 349 349 349 349 349 349 349 349 349 349 350 350 350 350 350 350 350 350 350 350 351 351 351 351 351 351 351 351 352 352 352 352 352 352 352 353 353 353 353 354
329 330 330 331 331 331 331 331 331 332 332 332 332 333 333 333 333 334 334 335
306 307 307 307 307 308 308 308 308 308 308 309 309 309 309 309 309 310 310 310 310 310 310 311 311 311 311 311 312 312 312 312 312 313 313 313 313 313 313 314 314 314 314 315 315 316
292 292 293 293 294 294 295 295 295 295 295 296 296 296 296 296 296 297 297 297 297 297 297 297 297 297 298 298 298 298 298 298 298 298 298 299 299 299 299 299 299 299 300 300 300 300 300 301 301 301 301 302 303 303 304 304 304 304
274 274 274 274 274 275 275 276 276 277 277 277 278 278 278 278 279 279 279 279 279 279 280 280 280
260 261 262 262 262 262 262 262 262 263 263 263 263 263 263 263 263 263 264 264 264 264 264 264 264 265 265 265 265 265 266 266 266 266 267 268 268 269 269 269
230 231 231 231 231 232 232 232 232 232 232 233 233 233 233 233 233 234 234 234 234 234 234 235 235 235 235 235 236 236 236 236 236 237 237 237 237 237 237 238 238 238 238 239 239 240 240
218 219 220 221 222 223 223 223 223 223 223 223 223 224 224 224 224 224 224 224 224 224 224 225 225 225 225 225 225 226 226 226 227 227 227 228 228 228 228
192 193 193 193 193 194 194 194 194 194 195 195 196 197 198 198 199 199 199 199 199 200 200 200 200 201 201 202 202 202 203 203 204
183 183 183 183 184 184 184 184 184 185 185 185 185 185 186 186 186 186 186 186 187 187 187 187 187 187 188 188 188 188 188 188 188 188 188 188 189 189 189 189 189 189
166 166 166 167 168 169 169 169 169 169 169 170 170 170 170 171 171 171 172 172 172 173 173 173 173 174 174 174 174 174 175 175 175 175
161 162 163 165 166 166 166 166 166 166 167 167 167 167 167 167 168 168 168 168 168 169 169 169 169 170 170 170 170 171 171 172
142 142 143 143 143 143 144 144 144 144 144 145 145 145 145 145 145 146 146 146 146 146 146 146 146 147 147 147 147 147 147 147 147 147 147 147 147 147 148 148 148 148 148 148 148 148 148 148 148 148 149 149 149 149 149 149 149 149 150 150 150 150 150 150 150 151 151 151 151 151 151 152 152 152 152 153 153
119 120 120 121 121 121 121 121 121 121 122 122 122 122 122 122 122 123 123 123 123 123 123 124 124 124 124 124 125 125 125 126 127 128 128 128
452 452 453 453 453 453 453 453 453 453 453 454 454 454 454 454 454 454 455 455 455 455 455 456 456 456 457 458 459 459 459 460 460 460 460 460
435 436 436 436 437 437 437 437 438 438 438 439 439 439 439 440 440 440 440 440 440 440 441 441 441 441 441 442 442 442 443
401 402 402 402 402 402 403 403 403 403 403 403 404 404 404 404 404 405 405 405 405 405 406 406 406 406 406 406 407 407 407 407 407 407 407 408 408 408 408 408 408 409 409 409 409 409 410 410 410 410 411 411 412 413
380 381 381 381 382 382 382 383 383 383 384 384 384 384 385 385 385 385 385 385 386 386 386 386 386 386 386 387 387 387 387 387 387 387 387 387 387 387 387 388 388 388 388 388 388 388 389 389 389 389 390 390 390 390 390 391 391 391 391 391 392 392 392 392 392 392 393 393 393 393 394
378 379 379 379 379 379 379 380 380 380 380 380 380 380 380 380 380 380 380 381 381 381 381 381 381 381 381 381 381 382 382 382 382 382 382 382 382 382 383 383 383 383 383 383 384 384 384 384 384 385 385 385
360 361 361 361 361 362 362 362 362 362 363 363 363 363 363 364 364 364 364 364 365 365 365 365 365 365 365 365 365 366 366 366 366 366 366 367 367 367 367 368 368 368 368 368 369 369 369 369 369 370 370 370 370 370 370 371 371 371 371 372
333 334 334 335 335 335 335 336 336 336 336 336 337 337 337 337 337 338 338 338 338 338 338 339 339 339 339 339 339 340 340 340 340 340 340 340 340 341 341 341 341 341 342 342 343 343 343 344 344 344 345 345 345 345 346 346 346 346 347 347
326 326 327 327 327 327 327 328 328 328 328 328 328 329 329 329 329 329 330 330 330 331 331 331 332 332 332 332
319 319 320 320 320 320 320 320 320 320 320 320 320 320 320 321 321 321 321 321 321 321 321 321 321 321 321 322 322 322 322 322 322 322 322 323 323 323 323 323 324 324 324 324 324 325 325 325 325 325 325 326 326 326 326 326 327
290 291 291 291 292 292 292 292 293 293 293 294 294 294 295 295 295 295 296 296
271 272 273 274 274 274 274 274 274 274 275 275 275 275 275 275 275 275 275 276 276 276 276 276 276 276 277 277 277 277 277 277 278 278 278 278 279 279 279 280 280 280 281 281 281
257 257 257 257 258 258 259 260 261 261 261 261 262 262 262 262 262 262 262 262 262 262 263 263 263 263 263 263 263 263 263 263 264 264 264 264 264 264 264 264 265 265 265 265 265 266 266 266 266 266 267 267 267 267 267 268 268 268 268 268 269 269 269 269 269 269
247 248 248 249 249 250 251 252 252 252 253 253 253 253 253 253 253 253 253 254 254 254 254 254 254 254 254 255 255 255 255 255 255 256 256 256 256 256 256 257 257 257 257 257 257 258 258 258 258 259 259
227 227 227 227 228 228 228 228 229 229 229 230 230 230 231 231 231 231 232 232 232 232 232 232 232 233 233 233 233 233 233 234 234 234 234 234 235 235 235 235 236 236 236 237 237 237 238 238 238 238
208 209 209 210 210 210 210 210 210 211 211 211 211 211 211 212 212 212 212 213 213 213 213 213 214 214 214 214 214 215 215 215 215 215 216 216 216 216 216 216 217 217 217 217 217 217 217
182 182 182 183 183 183 183 183 183 183 183 183 184 184 184 184 184 184 184 184 184 184 184 185 185 185 185 185 185 185 185 185 186 186 186 186 186 186 186 187 187 187 187 187 188 188 188 188 188 189 189 189
184 184 185 185 185 185 185 186 186 186 186 186 187 187 187 187 187 188 188 188 188 189 189 189 190 191 192
154 155 155 156 156 157 158 159 159 159 160 160 160 160 160 160 160 160 160 160 160 161 161 161 161 161 161 161 161 161 162 162 162 162 162 163 163 163 163 164 164 164 165
142 143 143 143 144 144 144 144 144 144 144 145 145 145 145 145 146
124 125 125 125 125 125 125 125 126 126 126 126 126 126 126 127 127 127 127 127 128 128 128 129 129 129 129 129 130 130 130 130 131 131 131 131 132 132
438 439 439 439 440 440 440 440 441 441 441 441 442 442 442 442 442 443 443 443 443 443 443 444 444 444 444 445 445 446
424 425 425 426 426 426 426 426 426 426 426 426 426 427 427 427 427 427 427 427 427 427 427 428 428 428 428 428 428 429 429 429 430 431 432 432 433
401 402 402 402 403 403 403 404 404 404 405 405 405 405 406 406 406 406 406 406 407 407 407 407 407 407 407 407 408 408 408 408 408 408 408 408 408 408 408 408 408 408 409 409 409 409 409 409 409 409 409 410 410 410 410 410 410 411 411 411 411 411 411 412 412 412 412 412 412 413 413 413 413 413 413 413 414 414 414 414 414 415
400 400 400 400 400 400 401 401 401 401 401 401 402 402 402 402 402 402 403 403 403 403 403 403 404 404 404 404 404 404 405 405 405 405 405 405 405 405 405 406 406 406 406 406 406 406 407 407 407 407 407 407 408 408 408 408 408 409 409 411 412 412 412 412
369 370 372 372 373 373 373 373 373 373 374 374 374 374 374 374 374 374 375 375 375 375 376 376 377 378 379 380
360 361 361 362 362 363 364 365 365 365 366 366 366 366 366 366 366 366 366 367 367 367 367 367 367 368 368 369
334 334 334 334 334 335 335 335 336 336 337 338 339 339 339 339 339 339 340 340 340 340 341 341 342 342 343 344 345 346
321 322 322 323 323 324 325 325 326 326 326 326 326 326 327 327 327 327 328 328 329
306 306 307 307 307 307 308 308 308 308 308 309 309 309 309 309 310 310 310 310 310 310 310 311 311 311 311 311 311 311 312 312 312 312 312 313 313 313 313 313 314 314 314 315 315 316 316 317 317 317 317
286 287 287 287 288 288 288 288 288 288 289 289 289 289 289 289 289 290 290 290 290 290 290 290 290 290 291 291 291 291 291 291 291 291 291 291 291 291 291 291 292 292 292 292 292 292 292 292 292 292 292 292 293 293 293 293 293 293 294
272 273 273 273 274 274 274 275 275 275 276 276 276 276 276 276 277 277 277 277 277 277 277 277 277 277 277 278 278 278 278 278
252 253 253 254 254 254 255 256 257 257 257 257 258 258 258 258 259 259 259 260
246 247 249 249 250 250 250 250 251 251 251 251 251 252 252 252 252 252 252 252 252 252 253 253 253 253 253 253 253 253 254 254 254 254 254 254 255 255 255 255 256 258 258 259 259 259 259
218 219 219 219 219 220 220 220 220 221 221 222 224 224 225 225 225 225 225 225 226 226 226 226 226 226 226 226 226 227 227 227 227 227 227 227 227 228 228 228 228 228 228 229 229 229 229 230 230 230 230 231 231 231 231
214 215 215 215 215 215 215 215 215 216 216 216 216 216 216 216 216 217 217 217 217 217 217 218 218 218 218 219 219 219 220
188 188 188 189 189 189 189 189 189 189 189 189 189 189 190 190 190 190 190 190 190 190 191 191 191 191 191 191 191 192 192 192 192 192 193 193 193 193 193 194 194 194 194 195
169 169 169 169 169 170 170 170 171 171 172 173 174 174 174 174 175 175 176 178
148 148 149 150 150 151 151 151 151 151 151 151 151 152 152 152 152 152 152 152 152 153 153 153 153 153 153 153 154 154 154 154 154 155 155 155 155 155 156 156 156 156 156 157 157 157 157 157 158 158 158 158 158 158
136 137 137 138 138 139 140 141 141 141 141 141 141 142 142 142 142 142 142 142 142 142 143 143 143 143 143 143 143 143 144 144 144 144 144 145 145 145 146 146
123 124 124 124 125 125 125 125 126 126 126 126 127 127 127 127 127 127 127 128 128 128 128 128 128 128 128 128 128 128 129 129 129 129 129 129 129 130 130 131 133 133 134 134 134 134 135 135
450 450 451 451 451 451 451 452 452 452 452 452 452 452 453 453 453 453 453 453 453 454 454 454 454 454 454 454 454 454 454 454 454 455 455 455 455 455 455 455 455 455 455 456 456 456 456 456 456 457 457 457 458 458 458 459 459 459 459
425 426 426 426 427 427 427 427 428 428 428 429 429 429 429 429 430 430 430 430 430 430 430 430 430 431 431 431 431 431 431 431 431 431 432 432 432 432 432 432 433 433 433 434 434 435 435 436 436
410 411 412 413 414 415 415 415 416 416 416 416 416 417 417 417 417 417 417 417 417 417 418 418 418 418 418 418 418 418 419 419 419 419 419 419 420 420 420 420 421 423 423 424 424 424 424 424
390 391 392 392 392 393 393 393 393 393 393 394 394 394 394 394 395 395 395 396 396 396 397 397 397 398
384 384 384 384 385 385 385 385 385 385 385 385 385 385 386 386 386 386 386 386 387 387 387
348 349 350 350 350 351 351 351 352 352 352 352 352 353 353 353 353 353 353 353 353 353 354 354 354 354 354 354 354 354 354 355 355 355 355 355 355 355 355 356 356 356 356 356 356 356 357 357 357 357 357 357 358 358 358 358 359 359
336 337 338 339 340 340 340 341 341 341 341 341
331 332 332 332 333 333 333 333 333 334 334 335
298 302 303 303 303 303 303 303 304 304 304 304 304 304 305 305 305 305 306 306 306 306 306 307 307 307 307 307 308 308 308 308 308 309 309 309 309 309 309 310 310 310 310 310 310 310
295 296 296 296 296 297 297 297 297 297 297 298 298 298 298 298 299 299 299 299 299 300 300 300 300 301 301 301 301 302 302 302 305 305 306 306 307 307 307 308
281 282 282 283 283 283 284 284 284 285 286 287 293 293 293 294
263 263 263 263 264 264 264 264 264 265 265 265 265 266 266 266 266 266 267 267 267 267 267 268 268 268 268 268 268 268 268 268 269 269 269 269 269 269 269 270 270 270 270 271 271 273 273 274 274 274 275
243 243 243 243 243 244 244 244 245 245 246 248 248 249 249 249 249 249 250 250 250 250 251 251 252 253 253 254
231 231 232 232 232 232 232 232 233 233 233 233 233 233 233 234 234 234 234 234 234 235 235 235 235 236 236
208 209 209 210 211 212 212 213 213 213 213 213 213 213 214 214 214 215 217 218 219
194 195 195 195 196 196 196 196 196 196 196 196 196 197 197 197 197 197 197 198 198 199
160 161 161 161 161 162 162 162 162 162 162 163 163 163 163 163 163 164 164 164 164 164 164 164 165 165 165 165 165 165 165 166 166 166 166 166 166 166 167 167 167 167 167 167 167 167 167 167 167 168 168 168 168 168 168 168 168 168 169 169 169 169 169 169 170 170 170 170 170 170 171 171 171 171 172
159 160 160 161 161 161 161 162 162 162 163 163 163 164 164 164 165 165 165 165 166 166 166 166 166 166 166 166 166 166 166 167 167 167 167 167 167 167 167 167 167 168 168 168 168 168 169 169 169 170
138 139 140 141 142 142 143 143 143 143 143 143 144 144 144 144 144 144 144 144 145 145 145 145 145 145 146 146 146 146 146 147 147 147 148
119 120 122 122 123 123 123 123 123 123 124 124 124 124 124

422 422 423 423 423 423 424 424 424 424 425 425 425 425 425 426 426 426 426 426 426 427 427 427 427 427 428 428 428 428 428 429 429
404 404 405 405 405 406 406 407
397 397 398 398 398 398 398 398 398 398 398 399 399 399 399 399 399 399 399 399 399 399 400 400 400 400 400 400 400 401 401 401 401 402 404 404 405 405 405 405 405
388 388 388 389 389 389 389 389 389 389 389 389 390 390 390 390 390 390 390 390 390 391 391 391 391 391 391 391 392 392
364 365 365 365 366 366 367 367 368 368 368 368 368 369 369 369 369 369 369 369 370 370 370 370 370 370 370 371 371 371 371 371 371 372 372 372 372 372 373 373 373 373 374 374 375 375 375
341 342 342 342 342 343 343 343 343 344 344 345 347 347 348 348 348 348 348 348 349 349 349 349 349 349 349 349 349 350 350 350 350 351 351
326 327 328 329 330 330 330 331 331 331 331 331 331 331 331 331 332 332 332 332 332 332 332 332 332 332 332 333 333 333 333 333 333 333 333 334 334 334 334 334 334 334 335 335 335 335 335 336 336 336 337
316 317 317 318 318 318 318 319 319
291 291 292 292 292 292 293 293 293 293 293 294 294 294 294 294 295 295 295 295 295 295 295 296 296 296 296 297 297 298
264 265 265 265 266 266 266 266 266 267 267 267 267 267 268 268 268 268 268 268 268 269 269 269 269 269 269 269 269 269 269 269 270 270 270 270 270 270 270 271 271 272 273 274 274 274
249 249 250 251 252 252 252 253 253 253 253 253 254 254 254 254 254 254 254 255 255 255 255 256 256 256 257 257 257 258 258 258 258 259 259 259 259 260 260 260 260 260 260 261 261 261 261 261 261
237 238 238 239 239 239 239 239 239 240 240 240 240 240 240 240 240 241 241 241 241 241 241 242 242 242 242 242 242 243 243 243 243 243 243 244 244 244 244 244 244 244 245 245 245 245 245 246
216 216 217 217 217 218 218 218 218 218 218 218 218 218 219 219 219 219 219 219 219 219 220 220 220 220 221
213 214 215 216 217 218 218 218 218 218 219 219 219 219 219 219 220 220 221
186 187 187 188 189 190 190 190 191 191 191 191 191 191 191 191 191 191 191 192 192 192 192 192 192 192 192 193 193 193 193 194 194 196 196 197 197 197 198
180 181 183 183 184 184 184 184 184 184 185 185 185 185 185 185 185 185 185 186 186 186 186 186 186 187 187 187 187 187 187 188 188 188 188 188 188 189 189 189 189 190 190
153 154 155 156 157 157 157 157 157 157 158 158 158 158 158 158
135 136 136 137 137 138 140 140 140 140 141 141 141 141 141 141 141 141 141 142 142 142 142 142 142 142 143 143 143 143 143 144 144 144 144 145 145 146 146 147 147 147
114 115 115 116 116 117 118 119 119 119 119 119 119 120 120 120 120 120 120 120 120 120 120 121 121 121 121 121 121 122 122 122 123 124 125 125 126
450 451 451 451 451 451 452 452 452
424 424 424 424 425 425 425 425 425 425 425 425 425 425 425 426 426 426 426 426 426 426 426 427 427 427 427 427 427 428 428 428 428 429 429 429 429
399 400 400 401 401 401 401 402 402 402 402 403 403 403 403 403 403 404 404 404 404 404 404 404 404 404 405 405 405 405 405 405 405 405 405 406 406 406 406 406 406 406 406 407 407 407 407 407 407 408 408 408 408 409 409 409 409 410 410 410 410 410 411
400 400 400 400 401 401 401 401 401 402 402 402 402 402 403 403 403 403 403 404 405 406 406 406 407 407 407 408 408 408 408 409 409 409 409 410 410 410 411
368 369 370 371 372 373 373 373 373 374 374 374 374 374 374 374 375 375 375 375 375 375 376 376 376 376 376 377 377 377 378 378 378 379 379 379 379 380
347 347 347 347 348 348 349 350 351 351 351 351 352 352 352 352 352 352 352 352 352 352 353 353 353 353 353 353 353 353 353 353 354 354 354 354 354 354 354 354 355 355 355 355 355 356 356 356 356 357 357 357 357
342 342 342 342 342 342 343 343 343 343 343 343 344 344 344 344 344 344 344 345 345 345 345 345 345 345 346 346 346 346 346 346 346 347 347 347 347 347 347 347 347 347 347 348 348 348 348 348 348 348 348 348 348 348 348 348 349 349 349 349 349 349 349 349 349 349 350 350 350 350 350 350 350 350 351 351 351 351 351 351 352 352 352 353 353 353 354 354 354 354
333 334 334 335 335 335 335 335 335 335 335 336 336 336 336 336 336 336 336 337 337 337 337 338 338 339 339 340 340 340 341 341
312 313 313 313 313 314 314 314 314 314 314 314 314 314 314 314 315 315 315 315 315 315 315 316 316 316 319 320 320 320 320 320
283 283 283 283 283 283 284 284 284 284 284 285 285 285 285 286 286 286 287 287 287 288 288 288 288 288 289 289 289 289 290 290 291 291 292 293 294 295
269 269 270 270 270 270 270 270 270 270 270 271 271 271 271 271 271 271 271 272 272 272 272 273 273 275 275 276 276 276 276 277 277
257 258 259 260 261 262 262 263 263 263
231 232 232 233 233 233 234 234 234 235 236 237 237 237 237 237 237 237 237 238 238 238 238 238 238 238 238 239 239 239 239 240
223 224 225 225 226 226 226 226 227 227 228 228 228 229 229 229 230 230 230 230 231 231 231 231 232 232
199 199 200 201 201 202 202 202 202 202 202 202 202 203 203 203 203 203 203 203 203 204 204 204 204 205 205 206 207 208 209
193 193 193 194 194 194 194 195 195 195 195 196 196 197 198 198 198 198
180 181 181 182 182 182 182 182 182 182 182 182 182 183 183 183 183 183 183 183 183 183 183 184 184 184 184 184 184 184 184 185 185 185 185 185 186 186 186 186 187 187 187 187
148 149 149 149 150 150 150 151 151 152 152 153 153 153 154 154 154 154 155 155 155 155 155 155 155 156 156 156 156 156 156 156 157 157 157 157 157 157 158 158 158 158 158 159 159 159 159 160 160
134 134 135 138 138 138 138 139 139 139 139 139 139 139 139 139 140 140 140 140 140 140 140 141 141 141 141 141 141 142 142 142 142 143 143 144 144 145 145 145
113 113 113 113 114 114 114 114 115 115 115 116 116 116 117 117 117 117 118 118 118 118 118 118 118 118 119 119 119 119 119 119 119 119 120 120 120 120 120 120 121 121 121 121 122 124 124 125 125 125 125 125